5
11
895 126 441 657 926 520 426 788 334 737 24
824 766 978 43 304 240 117 817 618 214 929
873 961 528 532 122 156 137 500 526 260 917
608 417 270 809 729 560 856 585 931 490 234
105 963 596 185 506 818 538 745 206 650 281
669 157 800 83 878 57 678 856 655 251 628
559 766 905 295 720 542 729 257 33 740 5
355 483 420 163 400 261 493 766 805 230 588
17 483 640 640 452 264 139 854 45 10 892
385 532 82 696 387 704 595 901 919 59 456
624 702 39 755 625 935 815 277 997 77 740
5
5 303 271 210 592
801 363 274 722 551
635 252 258 950 589
297 324 552 273 358
844 973 314 3 984
6
120 472 590 240 964 775
432 380 859 408 728 604
747 91 317 254 101 501
796 207 570 651 289 441
944 110 401 749 874 506
175 759 130 547 62 452
8
268 935 997 306 684 307 576 257
826 222 676 710 232 206 325 336
13 510 570 695 182 359 151 289
983 344 156 9 218 844 50 177
989 547 209 542 432 634 197 129
320 663 147 765 334 85 518 965
860 591 461 693 644 30 702 994
698 422 779 935 599 528 993 750
6
185 50 294 324 976 623
314 311 620 692 54 852
0 580 919 745 800 787
378 10 765 85 688 824
640 239 493 5 122 374
190 923 417 423 401 948
