100
15
0 234 77 77 60 65 136 184 232 47 289 201 256 269 272 
210 0 79 102 121 285 187 205 108 193 262 80 269 245 245 
294 129 0 284 116 50 220 55 35 42 219 207 68 52 31 
160 139 151 0 94 207 30 253 48 242 168 141 267 255 298 
188 272 274 139 0 267 239 65 61 118 110 227 48 292 190 
90 252 257 99 271 0 141 46 232 226 296 204 121 134 127 
140 265 217 46 152 185 0 150 134 141 148 145 68 250 80 
150 221 63 98 145 120 78 0 260 128 139 153 274 120 263 
67 282 246 64 119 277 105 114 0 37 44 104 264 173 158 
287 88 83 104 250 199 229 199 212 0 43 81 273 69 260 
71 153 33 281 177 99 50 136 76 47 0 267 124 127 55 
60 138 79 54 273 82 32 211 202 169 240 0 237 93 223 
301 283 258 50 224 164 143 112 168 74 225 37 0 228 275 
38 125 237 194 241 73 171 172 185 297 248 135 289 0 207 
43 295 83 233 123 209 158 266 147 185 78 86 86 215 0 
19
0 136 287 84 180 39 185 52 147 52 38 73 130 247 196 120 30 251 203 
111 0 237 54 90 125 226 161 135 99 273 242 277 40 143 236 122 279 77 
239 137 0 63 215 240 226 224 191 73 120 267 253 116 187 100 146 34 107 
290 230 95 0 68 104 185 297 72 70 193 280 175 31 236 117 209 142 270 
48 73 127 64 0 181 188 272 199 77 145 163 148 84 195 248 189 49 283 
150 115 45 257 239 0 144 233 232 255 94 146 179 264 95 224 193 244 49 
214 270 276 266 186 276 0 214 272 182 240 192 292 272 151 90 202 191 239 
194 253 194 213 59 289 203 0 41 119 67 253 222 183 102 255 162 93 144 
60 144 191 159 37 97 296 155 0 247 213 240 106 76 137 266 207 175 171 
218 248 175 245 176 279 122 185 110 0 145 285 175 278 173 282 207 203 53 
46 114 90 215 121 115 212 157 72 77 0 54 186 105 31 139 193 152 128 
222 221 118 248 224 226 65 95 60 106 152 0 251 226 196 73 255 193 43 
141 186 282 88 242 200 181 106 242 298 82 162 0 289 183 164 205 170 194 
195 205 91 287 42 275 235 97 168 100 61 173 77 0 118 129 32 165 65 
191 33 282 222 125 41 209 112 74 266 71 177 51 208 0 125 198 198 76 
202 49 279 148 65 60 221 182 237 39 190 207 263 238 64 0 42 115 60 
201 164 85 109 263 99 151 130 48 45 185 56 247 292 109 167 0 282 268 
32 183 227 76 212 290 60 155 132 229 58 125 253 148 180 80 157 0 198 
292 247 85 259 267 46 195 228 213 124 301 218 301 160 68 264 57 49 0 
19
0 184 264 45 281 59 187 69 209 210 165 30 77 92 68 89 148 70 224 
136 0 90 72 154 221 97 292 146 164 253 127 68 52 199 47 188 198 286 
108 80 0 254 145 151 269 37 33 175 288 159 243 247 211 96 263 264 55 
289 48 197 0 180 228 88 227 72 123 86 85 97 110 230 263 244 147 253 
217 113 62 299 0 48 185 216 182 105 287 149 273 255 284 173 283 63 253 
152 284 108 168 197 0 183 197 63 297 44 147 257 192 277 148 275 65 267 
81 288 119 254 174 171 0 200 248 258 123 191 52 142 70 244 138 62 199 
119 158 174 102 111 190 87 0 286 246 224 69 71 82 101 165 112 229 115 
286 58 59 229 81 80 157 84 0 286 278 42 117 61 297 157 174 96 72 
253 189 155 244 224 92 119 147 133 0 79 269 255 266 57 248 180 96 42 
209 161 265 287 233 257 161 161 142 79 0 294 68 69 46 229 130 246 266 
133 263 253 169 38 167 44 165 223 124 231 0 82 137 43 148 224 76 62 
55 195 38 158 39 277 79 123 166 143 97 192 0 95 56 243 161 84 42 
161 109 276 56 62 190 159 140 251 152 123 217 191 0 223 100 191 260 142 
181 228 98 56 222 73 109 202 130 164 283 272 112 114 0 287 271 35 280 
126 91 108 128 245 56 283 137 215 122 119 143 294 178 64 0 40 229 46 
286 55 151 58 88 206 94 149 185 242 191 169 201 287 265 250 0 199 53 
34 270 291 216 138 152 95 180 37 190 262 235 276 212 265 114 185 0 161 
172 129 300 49 190 94 36 46 136 148 84 113 283 166 274 45 183 81 0 
12
0 235 63 292 256 251 68 88 283 234 181 215 
147 0 201 274 81 299 265 228 132 183 191 197 
166 259 0 85 203 53 169 80 275 43 283 221 
130 233 51 0 101 197 292 234 102 259 124 64 
135 216 242 299 0 277 214 206 78 211 65 61 
122 103 272 289 96 0 214 150 212 114 170 301 
182 225 83 242 47 112 0 191 123 216 96 99 
145 217 61 279 181 140 95 0 211 72 100 121 
87 209 213 299 128 239 207 228 0 276 106 190 
60 188 217 253 188 170 143 215 88 0 65 140 
180 189 67 45 102 108 266 295 223 236 0 173 
72 108 145 134 77 52 130 140 160 192 150 0 
21
0 150 150 242 129 36 130 266 111 35 221 199 138 265 178 33 94 48 76 37 204 
132 0 60 92 277 261 201 178 220 265 204 125 125 99 159 276 131 200 47 261 224 
228 40 0 94 203 161 98 191 47 251 227 227 147 162 285 246 275 83 222 270 211 
179 217 153 0 68 214 96 59 61 156 252 201 118 120 293 231 226 86 116 239 106 
115 265 184 169 0 148 254 101 116 259 144 44 233 108 284 151 103 170 150 285 197 
116 66 99 294 96 0 81 275 40 268 111 70 60 178 205 68 128 74 225 256 262 
167 169 244 172 73 88 0 186 215 107 165 107 229 237 268 253 37 38 112 84 149 
290 142 218 77 242 38 295 0 291 152 113 70 256 251 154 129 301 127 174 74 220 
219 174 78 81 74 181 113 174 0 268 230 98 45 220 162 139 254 87 38 298 81 
126 87 286 127 128 141 287 36 61 0 142 32 120 236 89 220 74 273 241 162 148 
191 52 79 181 290 293 259 39 215 207 0 41 47 32 70 138 35 272 183 228 97 
138 203 237 104 72 230 187 190 150 77 188 0 30 204 31 191 50 122 144 279 210 
66 213 221 100 46 226 209 58 173 153 243 262 0 238 102 195 40 219 92 271 268 
208 239 234 99 266 293 49 149 257 30 253 76 164 0 58 53 45 268 157 237 264 
106 248 256 156 103 111 174 145 201 173 208 233 250 182 0 178 52 224 258 73 240 
262 142 123 67 300 50 122 276 257 110 282 224 192 166 176 0 104 222 170 301 91 
223 274 234 135 179 134 201 51 221 99 249 85 141 297 299 87 0 166 177 222 189 
182 153 178 172 67 108 100 256 56 277 272 87 192 31 143 180 105 0 50 174 146 
77 253 269 176 64 294 131 283 253 167 43 104 151 176 218 124 281 53 0 77 191 
256 89 289 210 183 160 120 294 115 220 164 65 205 51 30 106 73 285 199 0 116 
286 241 187 57 65 118 79 127 130 231 176 220 100 79 124 227 216 161 119 100 0 
11
0 257 242 157 128 212 246 123 187 130 295 
122 0 161 36 121 237 295 283 210 272 124 
266 96 0 136 64 75 142 79 173 178 99 
78 181 191 0 217 279 90 95 254 161 201 
189 91 137 161 0 38 256 79 47 52 94 
110 76 44 192 281 0 63 64 53 48 41 
62 129 94 41 168 57 0 147 234 71 261 
30 82 92 139 257 261 255 0 265 137 146 
162 139 287 230 31 202 122 63 0 163 281 
227 47 155 274 248 173 82 114 63 0 205 
32 125 162 138 212 155 287 178 248 47 0 
11
0 95 166 185 101 277 259 277 72 50 82 
38 0 178 233 279 136 243 149 264 88 53 
173 295 0 193 48 234 153 105 286 132 85 
129 262 217 0 54 56 211 207 146 136 188 
254 173 55 127 0 53 153 276 109 223 170 
114 237 129 126 147 0 189 211 205 192 58 
258 39 298 126 239 106 0 31 151 33 279 
274 263 46 159 120 122 96 0 154 106 90 
271 50 128 202 101 237 97 165 0 243 269 
81 267 65 183 57 80 264 39 210 0 138 
262 120 171 292 301 41 60 274 211 237 0 
20
0 61 171 130 286 262 238 218 213 177 239 69 64 244 254 115 137 258 152 111 
266 0 210 263 38 157 62 139 274 198 112 263 203 198 159 53 136 227 128 278 
145 301 0 45 103 79 198 113 50 127 232 235 95 290 255 245 192 173 89 220 
247 231 45 0 216 188 257 242 39 43 292 172 36 89 268 211 34 66 293 273 
74 41 226 120 0 226 297 40 30 262 240 111 77 63 247 48 253 103 30 296 
264 110 109 126 37 0 116 126 156 185 112 49 265 124 262 33 74 252 50 61 
93 127 82 66 196 233 0 114 104 90 219 41 298 126 296 228 219 182 211 269 
103 224 34 149 81 233 113 0 262 229 92 280 46 221 186 270 76 232 37 278 
160 150 131 296 84 102 256 214 0 198 51 225 181 296 167 53 217 294 104 37 
209 198 56 105 294 116 243 127 284 0 84 223 148 60 213 65 92 169 163 183 
88 160 149 72 219 128 115 61 31 272 0 83 67 61 145 40 258 173 112 185 
56 123 152 139 177 53 230 32 151 85 40 0 67 195 165 147 249 175 193 213 
53 107 61 161 50 179 40 60 107 33 228 109 0 246 124 118 195 102 33 269 
69 265 277 68 106 206 278 200 82 49 135 95 169 0 283 146 189 226 288 198 
206 154 106 160 273 83 220 53 258 261 250 119 158 206 0 172 297 32 179 45 
282 160 65 80 50 140 125 68 181 42 111 108 280 292 61 0 149 81 54 131 
81 161 242 40 273 175 224 82 218 78 110 237 38 240 223 138 0 267 121 230 
211 133 46 176 249 163 261 241 183 39 195 294 249 106 183 114 285 0 224 86 
169 185 220 301 119 263 34 56 131 131 248 100 225 185 256 280 258 262 0 190 
208 142 92 130 256 243 58 278 61 44 291 226 141 226 88 85 189 163 52 0 
21
0 40 129 187 183 226 245 128 151 236 210 151 103 213 235 238 230 119 173 199 245 
235 0 232 197 219 282 46 149 290 98 261 123 103 95 293 112 77 170 251 84 167 
175 144 0 244 222 174 190 178 84 38 123 207 264 76 53 127 260 125 73 32 164 
54 290 177 0 189 226 236 185 99 153 60 36 163 102 184 54 192 52 177 86 177 
276 88 52 147 0 292 79 233 293 192 198 125 101 271 105 199 90 135 83 126 227 
194 106 110 92 284 0 265 97 224 200 144 89 41 54 157 158 59 68 100 57 216 
161 46 149 274 276 154 0 139 252 213 257 273 58 223 123 154 115 191 46 260 167 
48 174 219 113 154 165 255 0 37 189 186 187 111 190 181 200 169 286 234 175 145 
197 34 125 215 89 54 290 89 0 123 263 93 245 142 242 195 235 274 40 300 185 
136 158 35 151 224 267 32 38 123 0 208 32 271 265 161 274 39 182 91 153 106 
202 149 136 168 205 289 177 261 50 108 0 152 95 113 107 261 292 213 47 53 222 
201 298 176 181 183 252 191 276 239 240 144 0 226 166 206 146 163 84 208 286 262 
259 60 135 226 219 185 126 114 129 105 67 218 0 166 60 270 240 275 33 101 203 
253 205 216 52 233 213 74 60 194 122 112 201 124 0 249 105 162 289 279 234 213 
237 158 131 176 60 274 167 276 207 96 128 257 60 287 0 97 279 193 130 229 120 
133 30 110 121 191 277 113 33 61 287 96 201 35 133 87 0 99 141 289 200 33 
277 261 148 208 184 154 38 183 173 255 243 125 101 247 84 82 0 149 224 139 290 
185 175 256 34 290 246 48 158 46 173 56 226 118 43 46 141 197 0 81 231 88 
166 58 170 232 144 275 107 188 251 86 119 155 262 142 266 254 280 270 0 149 164 
164 229 125 68 211 205 191 84 162 38 247 150 137 232 106 90 197 110 129 0 253 
200 209 297 41 259 129 294 62 110 301 57 194 242 203 106 143 300 284 204 123 0 
12
0 257 244 49 236 141 60 226 281 46 211 290 
136 0 140 167 299 58 127 43 196 193 119 47 
91 267 0 36 197 135 118 97 236 80 287 297 
93 156 298 0 60 261 118 219 119 130 160 181 
241 92 32 262 0 51 108 178 85 220 273 135 
81 130 239 168 220 0 258 170 139 162 243 135 
227 97 142 140 92 300 0 205 189 144 162 218 
37 197 268 241 112 262 225 0 300 93 163 270 
247 43 106 268 200 169 264 216 0 116 127 196 
241 227 143 115 297 61 139 122 104 0 176 301 
47 132 42 89 165 87 120 236 185 291 0 56 
215 192 189 66 153 90 41 178 96 193 194 0 
21
0 290 159 153 252 42 275 238 82 266 96 243 240 84 125 206 270 232 284 250 154 
110 0 71 234 237 172 216 97 83 101 199 82 276 299 289 129 196 47 180 187 181 
166 56 0 296 301 287 122 112 31 269 52 194 288 296 171 150 96 209 74 142 145 
283 167 233 0 282 259 63 178 120 69 289 282 104 94 280 69 33 126 45 128 212 
231 84 169 215 0 101 58 167 128 85 291 105 173 231 147 178 224 90 88 299 78 
223 281 83 237 96 0 208 252 123 31 185 133 128 206 216 236 143 135 209 238 187 
132 105 79 99 97 176 0 142 197 93 84 100 191 283 232 114 101 218 283 280 212 
228 81 30 91 282 119 68 0 299 136 263 244 88 108 145 150 94 132 135 283 138 
205 77 243 91 244 249 141 36 0 208 233 60 201 37 70 64 40 89 186 229 202 
51 141 246 35 145 174 296 206 133 0 141 88 60 54 113 262 253 64 159 220 226 
248 209 160 170 215 43 31 134 271 198 0 174 268 99 248 57 53 127 214 239 216 
103 207 170 47 264 217 238 77 176 50 290 0 78 182 200 66 235 150 139 232 279 
283 75 113 259 99 288 272 250 220 245 261 190 0 292 95 274 300 293 218 89 68 
32 105 172 159 93 217 134 266 205 110 262 181 142 0 265 299 263 126 71 249 145 
198 99 137 53 57 144 35 200 224 139 38 203 111 258 0 101 264 45 81 177 118 
253 50 38 210 46 143 79 179 284 119 168 122 130 42 32 0 219 264 288 137 120 
191 274 155 116 293 274 105 256 212 269 195 98 269 49 276 180 0 229 148 231 231 
298 248 88 95 94 158 180 32 78 187 139 293 56 222 231 276 209 0 294 202 123 
223 87 127 51 207 77 62 127 94 61 165 252 263 110 95 300 244 135 0 82 179 
47 183 183 133 159 75 154 225 35 253 74 163 259 244 46 211 296 189 163 0 99 
178 194 158 161 283 247 135 53 195 273 250 184 59 144 161 32 132 240 153 75 0 
21
0 272 292 190 165 290 142 66 133 109 300 271 238 267 209 171 74 37 179 295 228 
236 0 56 83 187 264 55 277 211 197 35 280 219 293 212 165 56 129 157 87 254 
244 104 0 75 172 245 127 161 75 228 111 193 41 270 277 182 241 186 38 240 209 
65 84 212 0 52 154 140 265 64 103 100 288 126 132 184 173 90 49 64 30 183 
183 50 119 275 0 44 162 166 200 33 166 184 82 217 284 182 100 203 232 217 139 
129 139 201 159 107 0 134 214 177 208 252 30 181 106 182 204 263 49 204 65 300 
258 212 63 217 281 100 0 260 31 54 164 259 179 268 127 245 210 156 276 80 247 
35 107 132 227 282 265 262 0 130 90 279 239 210 49 200 196 215 224 221 258 298 
219 79 242 142 185 294 91 263 0 298 80 197 92 46 115 206 165 172 231 224 267 
67 157 77 43 141 96 66 39 197 0 151 207 279 224 121 39 169 95 210 219 188 
198 182 37 130 145 65 200 246 117 174 0 81 234 270 297 236 253 100 174 42 52 
95 270 40 161 194 117 121 60 234 209 36 0 247 114 69 51 234 75 47 251 164 
195 38 182 158 46 235 202 44 118 72 222 33 0 99 279 274 43 187 246 214 217 
241 229 52 130 48 165 147 147 286 111 30 87 63 0 297 120 217 281 59 72 228 
163 176 238 55 134 71 98 158 242 148 115 221 148 283 0 278 142 229 259 289 172 
174 246 42 206 241 196 224 58 141 287 193 167 258 87 152 0 150 199 78 104 78 
94 106 268 130 163 215 228 259 195 225 63 133 128 111 177 271 0 147 51 192 207 
52 133 276 269 291 36 112 167 67 40 81 244 50 293 222 145 277 0 166 122 258 
261 183 121 216 63 269 173 248 242 206 168 103 181 276 294 99 76 32 0 195 229 
237 143 213 187 266 34 67 82 176 160 93 231 240 143 89 30 252 203 236 0 84 
58 99 165 272 139 213 204 204 43 121 213 64 102 269 243 150 185 173 38 117 0 
14
0 159 258 179 143 232 104 141 165 150 111 239 179 128 
174 0 93 241 194 165 134 210 291 97 283 43 182 236 
74 216 0 167 54 204 203 184 204 174 187 288 121 275 
147 264 118 0 235 199 136 233 105 79 73 278 162 206 
90 265 255 121 0 53 42 194 212 126 155 237 235 224 
231 254 196 41 297 0 72 91 159 189 177 56 177 52 
119 200 130 155 214 51 0 207 124 133 183 176 66 98 
213 258 96 262 108 70 101 0 245 224 215 155 173 148 
39 295 209 150 210 153 104 248 0 40 268 258 243 96 
182 230 202 202 208 159 137 177 285 0 32 111 32 70 
273 56 264 56 166 65 157 81 110 152 0 63 294 92 
143 30 281 58 31 118 47 275 101 204 100 0 86 271 
132 248 162 122 204 121 50 167 72 101 290 149 0 137 
173 56 155 233 58 112 176 58 163 258 32 91 272 0 
14
0 152 158 93 267 66 276 195 293 282 258 209 270 179 
290 0 105 216 81 137 158 120 254 256 142 181 255 56 
152 57 0 205 268 53 220 240 106 165 81 198 220 233 
276 219 173 0 191 136 94 63 90 98 289 240 294 64 
38 187 121 230 0 117 90 282 183 255 290 269 177 184 
77 239 118 148 236 0 281 228 278 208 227 80 282 216 
197 178 275 113 102 286 0 286 235 50 198 72 49 33 
102 247 221 280 218 153 296 0 282 179 174 217 140 150 
197 199 222 193 167 199 220 215 0 58 30 254 64 263 
176 102 180 152 178 94 86 300 275 0 111 287 156 202 
271 55 97 188 51 64 49 57 166 289 0 199 235 169 
205 58 287 173 38 293 124 141 54 245 47 0 111 184 
197 178 43 259 220 189 276 165 96 98 295 187 0 162 
248 301 288 30 149 292 266 97 101 164 272 147 59 0 
12
0 85 114 239 37 202 39 242 196 219 297 78 
161 0 43 174 239 120 49 80 92 43 147 241 
281 276 0 40 83 272 275 130 261 276 201 165 
89 246 147 0 58 127 70 198 138 287 248 56 
201 249 34 112 0 90 278 190 92 129 202 278 
301 70 229 99 47 0 103 269 294 259 251 219 
249 263 227 284 262 58 0 269 288 156 261 247 
70 153 243 166 168 195 104 0 120 68 158 287 
132 277 50 208 92 82 76 235 0 35 64 300 
287 89 157 235 30 263 254 262 39 0 212 151 
110 212 175 201 152 141 299 168 65 242 0 106 
128 79 111 38 90 278 103 55 180 251 108 0 
13
0 229 260 269 257 258 211 153 205 268 290 274 134 
99 0 188 124 198 297 253 176 144 283 52 57 220 
202 135 0 165 246 171 200 102 275 217 67 277 198 
40 267 245 0 60 177 279 67 162 156 71 269 38 
166 40 239 69 0 145 231 176 197 54 95 57 76 
71 275 182 197 56 0 203 74 178 210 190 54 207 
73 257 91 138 92 255 0 121 296 96 119 220 126 
231 132 182 301 208 156 169 0 68 235 160 281 227 
265 94 174 155 137 270 93 205 0 278 286 87 238 
248 39 184 241 278 146 154 273 182 0 254 188 164 
254 197 218 55 208 295 111 67 298 67 0 70 40 
205 136 142 255 187 233 39 108 230 254 39 0 162 
222 32 293 39 213 70 293 48 73 39 159 252 0 
11
0 64 92 114 49 45 84 171 67 164 150 
113 0 96 75 200 274 124 300 164 189 165 
151 224 0 60 176 127 232 113 221 285 128 
135 114 62 0 176 152 183 262 116 87 239 
221 296 207 39 0 246 110 212 243 245 190 
35 135 40 196 227 0 263 67 196 226 279 
129 292 239 256 74 66 0 206 49 138 262 
195 222 248 83 288 271 252 0 288 239 48 
67 258 276 256 188 265 210 263 0 226 163 
142 269 121 155 86 241 160 176 74 0 71 
232 289 236 40 107 59 293 148 222 267 0 
16
0 296 178 232 113 140 215 52 129 206 37 49 178 115 50 84 
192 0 295 225 177 57 52 69 287 282 97 266 80 275 251 175 
114 131 0 57 252 285 142 129 188 42 136 141 102 278 87 257 
239 300 282 0 297 234 160 282 132 76 72 164 267 233 123 42 
167 83 290 66 0 300 213 65 193 71 38 216 93 100 131 168 
79 116 266 290 125 0 171 108 41 190 161 78 70 177 264 39 
43 154 258 262 45 39 0 275 178 300 133 80 42 84 260 148 
101 150 226 73 226 291 288 0 171 64 255 88 185 43 193 245 
179 287 39 45 87 265 258 111 0 193 127 176 32 164 255 62 
70 279 47 282 287 290 294 136 265 0 180 103 231 40 58 67 
182 300 91 163 270 49 127 132 203 141 0 278 147 78 165 169 
126 288 63 155 66 166 140 70 163 252 165 0 208 254 83 229 
152 253 244 185 91 130 177 183 285 275 49 85 0 193 268 281 
198 192 201 71 174 85 171 177 222 94 136 52 43 0 291 65 
250 264 226 228 186 138 153 118 169 125 71 31 135 301 0 279 
142 63 225 162 64 64 273 100 44 196 264 274 243 199 272 0 
12
0 190 56 157 157 123 91 124 197 119 178 172 
267 0 217 224 213 211 152 233 211 57 32 219 
107 134 0 65 92 61 109 207 66 213 240 249 
92 156 144 0 186 38 211 56 235 66 131 133 
228 84 228 294 0 80 243 98 168 281 143 37 
57 222 238 112 219 0 251 300 51 153 109 248 
156 235 78 237 291 208 0 82 141 39 128 188 
96 97 240 49 82 238 182 0 252 247 138 62 
76 35 202 157 143 297 45 217 0 200 280 183 
277 56 199 142 61 130 147 284 299 0 133 38 
137 48 239 152 166 68 174 229 81 146 0 82 
94 293 49 229 163 210 161 186 100 253 269 0 
14
0 179 116 168 136 90 209 55 130 201 125 265 203 189 
70 0 48 250 133 129 205 51 69 262 106 184 201 55 
127 235 0 195 162 47 128 113 169 37 278 143 255 282 
275 154 179 0 90 247 283 170 127 249 65 269 223 244 
293 52 127 141 0 214 243 135 281 74 226 178 194 292 
64 44 299 44 173 0 256 231 228 202 246 210 128 72 
256 241 197 106 294 121 0 79 205 46 284 135 234 266 
61 143 239 99 76 135 39 0 257 201 213 75 156 147 
159 216 138 123 96 246 84 142 0 39 144 68 193 269 
171 171 116 247 216 242 196 127 252 0 207 160 179 211 
123 296 187 232 191 46 192 208 213 193 0 123 77 272 
287 88 237 159 286 286 230 286 171 130 221 0 165 216 
188 169 117 228 160 301 285 225 252 257 253 77 0 31 
54 210 262 194 182 71 290 110 206 96 194 208 169 0 
17
0 292 116 118 193 49 251 134 221 287 283 280 58 167 259 239 191 
130 0 253 111 220 176 69 207 260 103 293 184 242 63 215 141 223 
258 134 0 188 195 154 52 133 164 132 245 243 289 147 86 48 210 
212 76 112 0 163 275 247 93 297 182 163 37 192 283 214 116 192 
98 215 208 50 0 40 94 149 293 213 210 178 215 200 231 262 217 
253 124 119 130 217 0 132 211 258 202 158 113 50 123 209 70 126 
80 221 228 216 241 158 0 274 160 126 273 101 263 55 187 275 110 
241 67 184 135 168 128 132 0 134 191 185 274 285 285 184 256 236 
141 209 111 83 298 292 213 104 0 221 67 238 246 249 207 109 149 
277 176 244 231 275 63 182 172 212 0 96 44 116 44 211 143 61 
55 87 122 128 183 242 110 209 260 228 0 179 181 228 232 216 116 
120 179 252 63 58 217 119 44 99 202 38 0 213 198 210 199 56 
64 221 86 70 182 196 300 43 89 268 257 176 0 41 199 283 149 
203 215 109 135 252 32 204 107 250 277 122 62 273 0 100 68 260 
293 287 106 158 290 35 225 146 213 133 184 236 119 61 0 242 239 
177 245 173 137 180 148 35 291 115 46 203 277 61 276 137 0 291 
90 121 165 185 157 233 45 244 147 206 291 262 197 103 139 71 0 
17
0 100 128 253 294 109 237 68 233 82 48 258 255 133 291 155 283 
251 0 290 149 51 92 153 250 49 286 151 84 164 264 44 155 72 
110 237 0 262 70 173 104 200 82 118 122 117 153 235 158 202 159 
205 61 72 0 117 169 253 186 42 84 185 173 171 104 132 86 170 
178 291 190 55 0 98 115 195 186 56 132 38 49 295 208 274 282 
178 64 274 196 131 0 225 256 205 220 197 90 176 172 206 99 220 
281 91 207 31 122 265 0 65 30 258 70 126 192 56 111 181 81 
221 101 88 38 249 180 245 0 147 146 281 193 153 72 132 158 56 
119 57 42 202 199 77 67 110 0 102 67 165 181 257 297 188 46 
70 181 268 144 80 103 57 267 163 0 166 254 273 232 149 116 48 
262 300 120 73 53 154 165 182 195 264 0 250 183 144 130 175 51 
298 261 131 157 161 115 278 282 276 265 183 0 178 119 240 219 273 
113 80 193 259 245 145 288 234 164 125 147 201 0 111 128 247 50 
253 144 198 170 236 246 283 191 49 42 253 266 114 0 296 70 260 
81 273 257 132 145 132 169 160 69 250 120 284 93 67 0 108 234 
213 34 163 173 212 128 222 283 44 262 147 295 33 231 281 0 274 
256 267 49 107 91 243 84 261 226 258 175 58 239 148 91 172 0 
19
0 45 83 219 62 231 139 62 112 192 261 290 137 276 70 272 247 79 203 
100 0 40 176 93 234 275 298 140 293 227 182 296 178 145 286 156 110 34 
217 67 0 89 78 208 104 100 116 154 155 47 166 288 263 298 50 226 285 
86 289 213 0 66 77 251 164 243 77 124 72 101 30 37 246 292 294 135 
238 296 65 119 0 114 212 118 140 176 181 288 274 74 229 264 189 174 129 
123 63 301 266 87 0 284 123 295 192 283 87 181 296 123 216 295 43 142 
130 196 176 271 220 85 0 175 84 30 37 180 49 240 255 202 219 48 37 
80 180 39 257 171 260 48 0 171 115 117 152 155 276 106 181 133 161 191 
282 90 80 280 152 90 239 256 0 91 290 235 49 98 194 126 289 91 218 
144 271 221 80 62 226 167 225 58 0 285 258 94 229 33 117 56 129 135 
222 53 122 129 130 217 113 42 170 292 0 248 151 263 165 30 74 98 130 
196 171 188 228 42 241 66 126 237 294 207 0 227 99 223 301 70 188 248 
196 153 61 216 48 271 32 170 299 139 179 171 0 127 121 216 30 277 56 
126 238 116 244 159 242 136 106 185 255 58 76 67 0 77 166 147 238 93 
65 223 230 50 102 171 265 222 142 151 275 220 217 270 0 284 182 45 44 
53 76 192 82 240 144 177 129 38 269 298 162 145 176 131 0 274 51 201 
164 195 34 75 287 267 241 104 101 286 201 283 124 58 113 30 0 160 124 
32 195 239 151 156 149 92 238 285 218 79 291 37 205 223 52 78 0 139 
134 124 208 293 99 103 300 165 202 77 51 148 125 104 111 176 101 292 0 
13
0 189 211 128 112 259 220 92 77 55 54 176 121 
53 0 202 49 227 78 261 182 297 197 92 60 164 
130 246 0 210 231 272 234 46 271 127 91 282 255 
233 121 158 0 66 156 81 264 291 162 235 191 216 
46 269 63 166 0 176 242 116 267 205 276 219 110 
204 146 243 80 59 0 47 181 153 103 137 51 268 
191 253 101 127 240 144 0 82 119 239 146 122 266 
247 150 61 210 225 30 216 0 242 116 153 175 242 
295 145 152 292 213 102 229 247 0 51 58 184 194 
143 190 148 160 192 90 85 170 124 0 216 137 185 
246 219 209 251 193 148 184 76 66 43 0 246 224 
102 286 274 213 170 155 105 58 89 126 41 0 145 
76 256 37 178 268 97 285 301 171 171 181 133 0 
20
0 127 105 180 244 293 286 252 178 48 196 156 166 271 37 92 132 182 197 285 
119 0 263 63 120 35 71 157 52 230 199 207 60 163 269 293 277 298 215 226 
182 99 0 206 174 171 57 243 217 237 179 72 74 105 291 196 273 157 116 54 
103 72 98 0 297 291 244 133 56 262 94 122 115 179 172 210 131 228 60 84 
160 213 187 125 0 100 72 125 56 150 186 187 261 48 286 69 203 207 103 240 
45 192 105 260 38 0 152 150 298 154 224 291 212 40 247 229 48 123 194 138 
98 73 77 216 38 69 0 142 56 230 253 200 60 259 144 61 154 160 269 114 
113 85 232 45 292 36 202 0 145 256 241 209 175 194 273 59 235 298 156 295 
279 208 219 165 44 93 220 211 0 53 296 179 127 118 84 58 100 123 263 210 
243 194 219 145 299 291 94 278 228 0 202 291 150 150 188 174 104 170 122 35 
292 139 50 298 119 127 38 242 191 186 0 297 170 76 184 34 298 136 65 146 
272 263 47 210 179 97 31 107 215 95 226 0 171 190 228 100 123 96 249 156 
91 259 230 224 239 124 138 217 41 171 175 250 0 258 36 161 294 206 265 211 
269 106 31 229 68 268 203 190 97 109 110 74 175 0 97 194 164 80 150 210 
30 200 130 37 122 220 233 87 280 114 126 196 223 260 0 67 116 260 125 84 
52 217 83 80 69 212 174 37 170 56 116 278 267 240 177 0 132 280 60 138 
262 45 42 87 211 35 201 207 202 62 196 220 207 94 175 158 0 132 240 129 
140 190 44 99 121 207 101 38 161 100 42 265 128 259 242 140 292 0 273 188 
104 155 227 144 167 43 152 223 237 139 191 148 115 240 58 179 268 194 0 55 
267 61 222 254 158 36 185 43 71 103 137 132 209 139 207 56 290 68 128 0 
20
0 112 120 182 170 40 139 30 264 115 92 223 120 33 166 84 301 167 49 35 
184 0 238 127 262 269 110 155 141 232 30 244 215 78 81 280 263 264 145 190 
97 162 0 106 88 202 213 186 133 251 191 233 73 50 83 125 141 226 267 206 
173 259 149 0 87 301 231 133 156 115 250 128 259 237 161 290 166 214 178 108 
244 113 108 229 0 277 192 193 77 244 186 229 62 269 153 172 107 280 275 230 
221 285 123 283 121 0 74 217 256 92 249 252 54 248 32 153 271 146 80 59 
68 30 277 120 155 291 0 222 282 232 152 263 288 52 140 156 249 30 122 150 
274 227 244 45 80 183 215 0 274 153 115 200 85 115 84 195 140 160 116 99 
158 152 131 106 156 40 236 173 0 89 121 294 240 204 151 170 178 171 51 207 
246 280 107 39 238 151 285 179 244 0 240 187 85 159 122 142 276 261 61 172 
152 289 301 291 56 65 150 57 252 113 0 195 260 170 134 48 296 240 229 76 
57 214 254 274 179 169 40 30 92 156 233 0 96 147 34 233 123 277 68 216 
279 120 39 56 165 290 269 131 110 45 83 86 0 130 32 139 105 298 246 32 
276 219 178 146 211 122 75 273 289 114 189 128 276 0 52 99 294 268 282 62 
60 41 127 111 289 240 85 251 287 189 298 84 212 87 0 292 36 174 278 300 
206 178 31 234 277 295 133 71 214 153 271 223 241 78 82 0 41 156 202 154 
197 129 131 50 289 54 70 264 229 92 216 260 91 78 200 300 0 222 181 212 
273 248 114 115 97 158 137 231 295 60 61 270 299 182 124 128 276 0 167 169 
280 188 116 219 230 249 178 134 37 149 159 84 110 156 248 174 242 256 0 158 
148 131 111 193 240 175 52 223 65 83 164 136 214 272 69 213 44 184 258 0 
11
0 122 154 62 285 300 124 220 172 249 86 
209 0 298 204 146 252 204 109 40 41 243 
95 58 0 126 179 65 148 156 96 207 31 
243 69 57 0 267 72 99 264 145 38 265 
182 202 85 60 0 150 84 129 149 280 222 
269 188 120 210 101 0 261 106 80 182 225 
31 146 255 209 246 204 0 162 169 113 63 
242 287 160 244 208 263 35 0 229 80 47 
102 44 300 210 206 94 253 279 0 264 55 
148 221 193 54 211 160 85 72 255 0 208 
37 261 141 51 30 102 239 105 166 189 0 
17
0 34 75 80 179 197 263 53 261 241 267 250 300 218 180 86 128 
54 0 278 225 231 229 300 116 234 114 175 173 57 301 154 235 175 
55 39 0 169 67 220 114 142 117 221 248 218 237 284 31 265 140 
211 279 232 0 94 63 33 259 153 145 238 66 150 174 172 122 144 
76 255 298 258 0 145 105 119 49 257 294 145 150 80 78 76 277 
258 288 33 105 43 0 90 139 142 236 86 288 129 37 260 181 68 
154 203 83 203 271 262 0 272 94 204 137 270 61 274 159 269 283 
236 226 58 250 64 243 125 0 166 81 185 255 254 143 106 294 275 
158 118 282 39 252 35 63 51 0 274 155 188 56 277 178 104 102 
207 274 173 156 228 239 265 224 256 0 230 258 293 217 172 127 132 
211 120 56 199 177 138 239 189 288 192 0 298 115 205 255 47 288 
199 61 143 81 61 79 116 182 221 60 99 0 168 234 72 120 263 
82 54 254 149 222 76 288 84 205 165 45 202 0 77 117 186 88 
171 199 137 175 129 195 173 57 162 53 205 268 226 0 112 131 287 
138 108 153 182 84 131 37 183 181 64 265 45 245 172 0 218 96 
41 198 280 184 205 236 223 96 301 176 45 298 300 171 256 0 220 
33 291 290 213 82 285 275 229 62 222 296 272 281 80 54 171 0 
12
0 125 109 270 248 205 37 265 299 86 278 115 
124 0 172 224 271 253 115 61 285 43 66 185 
117 106 0 58 237 97 128 233 200 46 47 248 
239 149 48 0 287 241 31 87 115 222 114 257 
269 41 65 215 0 206 276 230 270 243 275 45 
259 230 290 89 184 0 241 92 271 275 272 256 
31 60 267 146 117 116 0 231 151 144 277 223 
259 38 180 98 175 209 73 0 142 248 193 212 
148 66 142 40 187 64 163 69 0 274 77 89 
123 93 121 160 226 230 157 71 290 0 144 127 
40 204 286 280 280 37 93 279 279 150 0 114 
91 112 214 213 249 130 60 150 104 155 60 0 
18
0 161 47 181 51 62 213 246 208 97 289 188 80 200 84 287 276 35 
157 0 230 208 32 273 44 75 263 272 193 33 198 249 83 135 34 263 
198 135 0 254 261 123 104 184 297 196 65 183 162 215 30 185 87 183 
225 53 291 0 197 235 224 120 140 128 48 269 181 76 226 126 200 44 
75 272 252 160 0 41 216 59 163 113 163 44 86 288 108 300 222 241 
236 54 39 240 39 0 225 205 121 136 152 250 35 200 107 295 290 34 
90 246 81 35 64 214 0 244 196 226 195 137 205 92 192 58 69 206 
156 53 67 276 177 69 95 0 73 206 273 79 269 185 108 247 233 166 
64 246 236 289 184 214 144 282 0 246 236 108 137 109 160 110 242 279 
97 99 68 144 182 180 270 283 166 0 92 155 274 88 273 189 208 36 
145 167 111 126 219 226 198 91 191 132 0 138 143 81 281 293 235 55 
79 293 163 159 202 190 237 203 247 88 64 0 249 45 109 249 56 42 
220 301 170 286 97 224 226 250 297 145 264 186 0 156 264 184 181 35 
208 284 211 41 242 211 156 296 89 60 201 31 170 0 262 152 277 88 
160 112 113 241 227 256 285 141 295 140 225 170 85 281 0 63 212 181 
86 32 244 250 85 164 47 287 59 83 251 122 103 75 122 0 163 88 
68 188 176 63 190 123 90 74 140 71 53 123 221 201 231 68 0 261 
137 153 107 229 191 237 153 137 33 265 143 276 97 297 208 54 134 0 
18
0 180 275 45 79 113 31 247 56 137 266 230 278 115 220 166 116 66 
149 0 111 247 43 269 167 114 70 37 46 130 51 79 38 127 159 179 
164 61 0 232 138 165 164 281 31 217 187 88 272 230 32 126 135 66 
220 124 81 0 78 178 123 292 38 263 51 216 148 234 57 190 271 263 
87 71 128 62 0 182 246 184 131 220 36 105 76 191 50 134 114 130 
87 142 137 155 292 0 222 256 257 117 142 41 279 36 42 248 260 34 
271 95 206 232 200 72 0 278 170 129 49 125 47 236 268 136 292 43 
157 124 206 146 91 128 75 0 60 196 153 212 68 198 33 226 177 148 
273 265 209 64 142 242 73 92 0 108 71 182 46 37 160 255 285 128 
179 204 94 232 220 71 187 117 243 0 80 128 140 95 256 222 99 244 
47 215 277 207 189 148 200 89 43 63 0 122 122 241 183 295 118 232 
106 134 80 42 34 66 206 181 114 280 106 0 189 113 224 128 132 147 
185 32 210 43 205 279 229 293 100 134 189 64 0 106 299 220 43 254 
281 72 201 123 115 80 119 75 55 234 157 54 111 0 257 246 275 234 
293 110 247 213 223 124 273 192 238 110 65 214 251 67 0 231 70 221 
58 105 186 180 79 147 169 52 244 59 77 298 70 294 217 0 151 65 
258 51 152 242 236 278 132 37 157 253 219 257 76 43 217 285 0 118 
82 200 276 131 121 124 180 133 278 228 298 50 42 68 292 72 276 0 
17
0 240 298 278 236 298 138 234 119 204 187 114 260 38 131 187 44 
197 0 225 301 159 164 40 185 139 39 183 59 194 240 144 82 235 
103 75 0 222 178 46 114 183 69 122 55 99 251 277 112 84 45 
70 45 301 0 286 222 213 129 39 137 202 70 111 173 236 293 229 
265 243 265 40 0 42 181 65 166 165 293 93 239 266 104 134 42 
139 225 37 127 72 0 83 137 253 72 147 233 83 227 220 268 155 
158 84 262 219 177 134 0 267 272 105 103 227 61 298 245 148 42 
133 54 233 118 53 142 193 0 196 199 281 101 85 80 126 77 134 
297 225 171 181 180 35 292 196 0 43 141 232 72 233 148 108 30 
89 112 276 256 276 285 285 68 301 0 188 110 63 116 89 228 193 
42 117 92 240 56 207 73 196 62 214 0 70 269 216 39 69 235 
47 64 211 177 125 74 289 135 154 154 131 0 67 194 285 64 225 
170 184 63 174 200 249 230 111 133 163 107 245 0 119 60 72 228 
162 110 64 96 233 298 88 281 203 203 196 202 74 0 246 197 153 
124 159 217 235 49 203 186 265 256 139 130 298 135 47 0 272 210 
195 254 150 65 113 153 244 219 226 57 222 45 264 284 231 0 61 
223 109 252 158 282 39 287 296 77 173 80 192 185 217 276 119 0 
15
0 292 176 163 208 86 177 242 290 125 263 240 283 133 38 
226 0 94 245 138 182 268 129 158 274 274 277 189 234 111 
93 294 0 105 142 57 190 257 227 109 56 194 266 34 215 
236 112 141 0 172 77 30 185 159 98 205 34 100 272 229 
67 166 296 242 0 253 123 111 149 192 275 238 128 133 146 
196 293 209 102 277 0 171 245 186 217 53 67 285 64 65 
126 167 66 197 233 226 0 204 120 265 74 178 121 255 241 
78 175 290 213 140 181 109 0 72 198 231 145 243 236 170 
127 103 271 221 242 212 204 149 0 89 95 176 275 146 240 
162 179 166 89 176 68 260 49 80 0 161 165 288 163 243 
31 131 212 256 284 139 68 205 288 114 0 134 74 211 128 
109 269 236 168 257 96 103 80 290 120 59 0 202 103 40 
235 44 141 76 34 39 234 115 265 124 117 75 0 211 183 
281 258 35 50 223 130 45 72 197 181 88 73 90 0 103 
119 193 250 124 189 213 78 148 149 54 183 173 117 111 0 
13
0 178 242 273 127 74 66 192 47 213 195 241 219 
49 0 140 30 136 204 277 87 218 186 180 38 47 
251 285 0 233 77 177 285 242 301 267 130 238 235 
109 32 132 0 255 117 294 209 260 291 292 190 30 
81 222 51 235 0 208 75 178 279 212 113 187 48 
79 168 211 133 241 0 110 247 134 89 244 163 210 
97 176 161 232 40 143 0 299 259 245 219 107 287 
271 32 185 290 152 134 182 0 175 85 173 192 130 
124 44 192 275 64 115 299 31 0 226 231 100 193 
59 118 289 142 86 237 242 265 99 0 80 32 62 
210 254 284 174 86 189 176 170 197 231 0 91 33 
192 101 41 273 106 146 223 115 195 160 149 0 152 
34 218 278 172 232 176 152 203 44 113 222 65 0 
14
0 158 216 207 119 107 285 244 277 104 236 133 247 154 
214 0 111 247 192 232 291 289 300 33 74 84 258 136 
262 123 0 163 240 125 272 160 171 120 100 114 169 283 
140 238 61 0 248 281 34 99 255 104 58 64 251 244 
256 298 218 232 0 264 146 274 64 210 210 198 124 142 
112 150 215 174 158 0 272 102 40 232 214 81 257 238 
38 151 68 87 40 73 0 180 176 218 162 249 215 181 
212 263 249 263 212 140 231 0 135 135 262 257 147 65 
148 78 171 247 173 195 174 32 0 278 204 265 41 54 
103 150 128 34 142 202 50 292 73 0 31 230 300 248 
54 261 222 59 224 66 253 181 105 224 0 279 242 120 
131 180 215 227 88 139 98 290 74 256 114 0 177 118 
148 136 299 93 205 265 99 103 200 62 291 249 0 196 
92 236 219 242 125 289 209 264 190 193 167 237 138 0 
10
0 183 210 235 77 30 75 151 45 199 
111 0 301 272 185 67 231 169 255 185 
212 91 0 268 99 146 150 222 89 220 
91 219 127 0 267 82 69 263 191 122 
184 155 35 122 0 265 52 183 103 58 
252 184 260 81 42 0 266 64 95 187 
150 292 242 121 142 102 0 52 120 132 
167 188 81 149 155 268 261 0 73 211 
39 119 248 227 140 72 205 56 0 102 
92 62 145 144 91 141 270 70 222 0 
10
0 168 78 174 274 284 201 300 217 181 
296 0 263 159 235 37 195 222 224 161 
137 32 0 64 197 35 254 204 89 224 
84 50 214 0 179 60 175 288 218 223 
206 136 142 213 0 112 169 166 160 40 
143 155 99 125 30 0 238 185 228 224 
190 134 267 237 181 90 0 42 220 202 
226 58 183 205 43 134 243 0 237 200 
62 280 111 270 173 122 149 65 0 86 
50 42 231 217 288 122 247 180 71 0 
11
0 210 121 233 158 205 206 185 215 224 48 
182 0 151 224 39 110 234 154 37 57 111 
119 143 0 220 250 298 244 216 36 173 291 
144 134 289 0 228 51 138 187 231 227 125 
225 83 279 150 0 175 62 251 117 70 281 
155 245 115 259 31 0 189 237 212 90 247 
180 227 108 204 67 105 0 54 65 182 248 
238 47 56 242 128 55 201 0 265 31 263 
249 45 178 144 102 293 151 99 0 40 40 
301 236 195 148 182 283 237 200 225 0 157 
284 248 253 199 257 266 285 252 54 106 0 
17
0 163 58 139 46 183 293 53 221 255 223 97 249 241 67 264 33 
73 0 293 96 60 160 178 103 102 33 156 31 128 170 200 276 82 
137 110 0 253 55 237 169 109 149 122 239 30 218 245 129 251 191 
178 47 66 0 294 231 255 182 94 201 45 290 81 39 216 209 202 
204 57 247 72 0 49 104 115 243 105 297 174 119 48 207 298 254 
50 175 163 73 146 0 155 274 111 107 141 102 50 186 77 249 162 
177 182 262 171 126 82 0 242 127 104 83 116 158 63 228 67 53 
58 277 261 189 255 166 109 0 230 110 256 83 164 184 67 88 121 
147 134 235 142 176 83 160 228 0 69 69 119 259 102 121 110 282 
281 179 34 261 229 212 157 115 207 0 78 301 244 42 57 252 180 
84 98 123 249 114 242 87 123 120 81 0 111 244 276 262 227 158 
165 39 55 75 234 85 182 91 131 222 194 0 120 270 240 287 150 
257 31 147 255 111 44 228 159 147 230 282 208 0 187 292 99 101 
288 106 219 224 160 145 182 152 93 148 247 194 33 0 300 211 295 
106 135 35 61 252 159 111 275 59 254 164 283 209 270 0 301 184 
221 121 66 113 225 252 151 44 91 231 156 147 193 77 264 0 151 
133 78 234 71 105 69 268 107 50 226 108 276 267 159 151 58 0 
11
0 54 179 260 180 289 262 230 157 35 118 
257 0 177 30 190 276 37 284 197 273 171 
298 90 0 286 80 60 78 183 234 294 131 
239 187 113 0 234 172 78 251 132 178 83 
110 262 69 188 0 72 174 146 110 32 86 
48 104 159 75 139 0 82 105 166 128 200 
249 282 248 284 253 173 0 232 90 49 101 
109 179 230 161 275 299 79 0 187 238 89 
292 269 296 274 94 188 286 197 0 142 63 
92 215 77 236 76 270 121 217 240 0 251 
167 82 164 115 80 234 174 217 216 88 0 
21
0 192 291 222 92 246 87 282 62 244 220 200 104 108 139 119 246 119 276 99 258 
93 0 151 178 226 30 206 109 141 234 133 205 289 241 204 253 135 166 126 60 82 
119 90 0 75 298 207 264 208 57 203 89 264 228 97 59 47 127 168 189 281 218 
263 196 288 0 126 77 71 268 293 299 165 160 264 290 110 41 52 264 187 139 260 
78 208 293 192 0 173 45 131 301 50 129 130 170 141 45 53 63 113 200 122 70 
280 210 135 182 294 0 181 38 95 186 46 299 170 286 150 63 191 52 102 166 171 
188 220 285 80 58 205 0 178 103 104 116 127 76 263 211 234 230 47 68 57 215 
34 258 137 176 41 277 33 0 53 286 60 36 48 181 110 168 264 286 44 156 138 
212 139 200 105 122 81 59 299 0 275 203 238 243 202 261 149 137 90 48 258 207 
152 110 225 50 272 49 291 32 252 0 167 264 158 72 129 173 154 85 57 64 220 
255 278 144 114 174 188 104 56 290 74 0 222 187 282 256 148 54 59 195 246 127 
103 251 187 167 111 208 66 77 80 202 37 0 83 111 77 277 249 272 171 286 278 
86 263 226 200 109 78 63 37 233 57 86 88 0 228 298 45 148 152 183 218 242 
35 207 180 101 300 141 291 78 61 214 47 41 171 0 141 118 105 285 78 54 68 
103 281 160 211 115 83 192 136 260 98 299 273 230 203 0 128 243 267 183 270 98 
180 53 163 117 291 245 130 86 79 294 122 198 132 67 296 0 122 277 172 89 96 
198 61 297 152 269 250 169 281 42 248 157 198 266 287 111 74 0 238 261 301 237 
259 41 288 118 208 91 122 184 243 219 137 246 214 100 106 300 129 0 182 33 285 
301 142 264 221 264 199 154 55 301 247 44 255 30 36 105 45 238 50 0 184 282 
55 54 48 62 197 90 199 248 140 77 298 300 130 48 183 148 154 285 36 0 272 
267 73 107 177 175 96 142 165 186 116 149 85 46 289 238 125 258 142 242 102 0 
10
0 194 161 162 198 275 120 145 271 292 
121 0 273 168 148 211 220 280 73 131 
194 58 0 176 55 256 155 244 212 77 
138 117 277 0 196 250 158 289 156 88 
53 251 130 182 0 181 115 230 285 117 
223 266 168 287 214 0 36 97 262 158 
86 238 299 295 225 264 0 298 185 185 
154 69 36 165 62 47 119 0 102 293 
90 280 242 156 240 294 36 230 0 74 
146 258 224 150 117 202 100 224 140 0 
10
0 299 34 89 128 211 194 263 277 259 
252 0 169 130 250 286 221 256 165 208 
200 269 0 76 44 196 103 248 199 64 
265 96 213 0 98 230 280 35 131 283 
38 155 193 211 0 295 294 231 108 102 
212 61 217 276 245 0 93 277 254 257 
118 184 208 270 114 45 0 121 54 267 
166 153 170 183 70 74 117 0 189 223 
50 234 117 229 96 140 72 160 0 171 
187 300 290 224 191 76 120 233 242 0 
21
0 42 290 205 143 292 46 100 78 177 76 69 112 173 212 53 99 283 264 295 123 
209 0 203 222 111 127 42 248 261 118 227 169 106 253 138 36 228 128 275 34 259 
262 137 0 51 293 239 184 107 45 146 105 276 279 264 225 251 241 257 159 190 271 
135 165 288 0 153 238 94 164 68 46 252 254 254 209 253 143 64 240 158 190 226 
45 167 50 123 0 134 219 169 251 218 188 292 91 266 101 176 119 238 291 281 94 
176 91 98 155 291 0 289 90 45 232 38 222 147 270 48 68 77 197 97 215 286 
128 155 194 251 227 201 0 142 107 270 160 194 232 221 45 291 237 99 174 251 88 
54 58 290 105 194 141 279 0 257 96 76 99 110 199 130 59 172 248 108 208 208 
41 83 167 277 278 183 202 258 0 110 233 202 212 54 211 97 143 156 122 154 133 
262 157 74 173 56 120 267 222 80 0 37 150 48 92 213 242 168 218 227 300 91 
218 197 268 298 259 242 62 274 85 144 0 30 175 59 135 157 50 35 59 215 268 
65 209 211 233 228 96 289 278 221 39 195 0 127 117 195 225 117 228 243 282 40 
73 300 142 223 190 262 231 94 40 165 122 64 0 173 157 100 151 163 160 209 229 
213 192 189 190 265 115 36 30 93 246 97 233 139 0 206 252 105 137 237 194 157 
240 142 54 221 122 207 297 44 229 41 91 100 153 298 0 33 31 237 172 142 85 
106 208 295 203 222 188 123 245 54 75 287 258 180 164 60 0 75 276 137 191 237 
67 106 265 61 281 154 30 66 89 150 205 119 289 290 102 193 0 267 258 188 127 
138 79 289 148 52 284 119 193 190 116 43 59 248 129 242 280 109 0 182 44 153 
68 69 77 291 134 240 280 90 30 89 84 144 167 93 82 188 295 236 0 58 38 
205 86 267 113 242 176 203 187 170 59 113 183 224 300 266 290 288 140 111 0 216 
249 148 180 289 242 54 102 152 91 43 36 113 186 137 274 73 194 48 249 138 0 
10
0 206 218 175 205 78 271 248 273 170 
245 0 127 83 178 171 121 210 247 117 
58 100 0 294 127 161 155 290 230 239 
116 154 100 0 205 44 169 172 50 63 
73 103 59 172 0 74 287 83 186 112 
72 39 171 283 269 0 39 128 161 89 
86 78 246 88 66 233 0 152 135 125 
46 71 43 210 193 205 190 0 261 147 
240 201 292 110 81 139 281 149 0 158 
107 146 216 144 227 76 200 253 165 0 
10
0 265 298 289 88 130 210 46 190 181 
30 0 79 120 67 120 145 207 240 165 
229 223 0 93 115 45 189 138 135 30 
173 220 294 0 92 197 273 206 268 46 
295 132 159 225 0 267 202 40 235 99 
42 198 32 201 158 0 284 83 157 47 
255 220 264 197 38 60 0 203 52 74 
158 232 61 300 45 126 87 0 88 86 
282 283 81 135 277 164 82 203 0 48 
250 78 282 41 139 281 211 224 194 0 
21
0 184 117 48 216 300 175 48 166 171 231 81 185 239 31 128 265 90 257 197 270 
196 0 142 193 71 155 109 277 242 74 201 184 53 214 234 235 128 103 160 256 260 
109 292 0 162 176 297 151 209 134 210 56 57 54 294 180 184 178 184 192 114 186 
82 269 261 0 165 145 247 191 38 298 38 237 290 276 182 132 146 157 153 257 291 
227 93 102 204 0 265 282 40 114 55 61 48 102 267 278 62 38 107 52 101 72 
133 202 148 201 272 0 203 88 291 181 68 174 246 173 275 66 166 277 204 151 84 
95 197 144 247 285 62 0 206 129 171 67 138 179 213 110 273 41 269 273 99 76 
298 70 156 175 104 68 293 0 232 257 160 76 44 233 114 212 192 255 171 289 39 
35 53 160 43 228 289 270 262 0 115 195 183 265 161 163 176 230 56 228 115 76 
145 74 89 134 127 248 175 67 192 0 46 210 151 97 201 73 161 272 170 298 112 
110 217 276 150 250 174 257 140 246 294 0 116 121 198 166 284 298 100 249 294 149 
252 139 119 157 134 86 195 173 224 138 284 0 140 47 159 282 190 238 148 49 86 
130 201 31 254 288 103 167 181 275 242 247 254 0 91 86 288 148 67 40 268 296 
151 276 79 82 40 207 96 83 284 107 84 286 300 0 99 219 200 133 146 103 278 
109 221 282 151 121 179 74 216 227 254 201 235 155 286 0 277 254 216 252 223 253 
289 64 256 289 54 85 144 103 80 296 202 177 33 281 199 0 168 258 268 277 264 
160 198 272 117 65 299 214 236 74 237 256 172 153 44 55 165 0 164 64 139 115 
149 101 178 131 65 184 249 42 152 198 296 113 269 282 138 162 297 0 108 138 262 
217 142 252 262 291 102 155 48 280 299 90 203 157 101 32 63 96 143 0 151 292 
42 270 199 249 269 136 218 100 98 154 165 87 297 85 139 184 267 216 72 0 65 
246 153 293 116 296 86 102 166 56 33 164 97 282 166 207 109 159 68 299 169 0 
12
0 178 154 183 290 260 71 275 124 216 141 144 
66 0 36 286 182 280 133 113 126 266 274 111 
85 237 0 111 51 236 139 93 236 211 112 171 
271 225 202 0 96 65 145 284 134 237 177 82 
227 87 145 159 0 39 149 92 255 196 255 223 
48 266 73 67 246 0 301 86 243 240 276 102 
233 264 134 121 37 205 0 64 118 95 111 98 
78 228 130 58 275 166 92 0 279 301 116 146 
226 276 147 157 246 40 178 116 0 80 105 126 
141 199 213 128 39 87 110 300 262 0 85 139 
32 258 106 145 140 180 300 266 239 109 0 42 
253 221 108 129 298 243 50 87 210 144 268 0 
21
0 239 119 123 37 41 125 70 189 236 234 110 83 209 245 71 115 74 224 180 95 
156 0 134 201 229 32 228 290 167 106 263 53 40 174 147 194 281 96 192 113 172 
113 230 0 271 279 105 205 285 159 83 44 48 163 52 49 159 187 132 189 281 218 
35 174 294 0 293 228 111 153 32 153 268 283 61 224 102 273 175 137 224 58 123 
153 123 83 257 0 258 187 149 53 117 265 56 60 239 296 260 86 253 121 30 47 
284 203 292 157 114 0 292 150 194 208 37 274 248 45 169 233 120 161 106 115 251 
139 231 69 100 67 280 0 131 112 225 260 180 140 160 296 85 77 192 161 177 221 
254 114 183 171 187 211 44 0 152 45 90 185 87 231 97 152 149 173 52 105 117 
86 237 231 126 298 240 99 100 0 251 125 152 213 211 106 32 52 259 88 117 172 
60 153 199 125 110 263 108 80 263 0 132 161 88 243 176 160 183 295 294 178 162 
103 78 248 211 259 284 52 189 134 181 0 175 257 286 135 165 132 186 117 99 267 
109 70 174 62 225 86 161 85 149 288 243 0 191 249 246 264 190 257 150 202 199 
59 275 162 96 118 40 278 297 188 174 293 76 0 63 132 243 280 181 61 48 292 
32 199 299 129 246 76 143 150 198 40 236 150 241 0 91 257 249 235 168 75 80 
184 44 136 80 190 166 284 243 187 286 287 191 156 140 0 87 147 233 37 132 254 
205 114 51 219 72 121 218 50 102 289 32 47 66 191 86 0 68 79 125 219 154 
177 236 282 234 227 211 261 297 143 166 78 282 244 80 72 288 0 75 141 189 93 
261 253 228 86 86 286 175 298 116 201 232 285 124 220 115 222 204 0 186 180 216 
171 199 74 122 216 195 33 167 32 104 213 165 285 174 140 146 64 174 0 43 134 
220 229 76 243 59 142 82 79 35 116 142 292 174 70 169 118 194 291 121 0 216 
102 82 124 299 163 180 194 39 159 102 134 227 135 184 192 224 68 68 45 214 0 
10
0 62 245 235 210 148 222 240 269 80 
177 0 288 167 225 169 247 175 202 282 
50 240 0 260 157 298 107 103 105 233 
174 257 233 0 124 143 82 251 244 140 
82 39 224 231 0 85 77 146 131 267 
75 141 213 210 170 0 54 145 271 87 
292 206 156 141 54 117 0 200 254 271 
90 153 271 292 188 195 178 0 271 113 
142 204 152 276 275 245 129 285 0 293 
155 40 185 95 210 178 168 33 34 0 
10
0 82 201 35 214 171 237 207 285 130 
276 0 52 196 147 134 204 268 277 103 
48 207 0 182 115 237 164 178 51 195 
243 273 207 0 115 92 33 104 137 145 
269 96 259 130 0 266 188 114 218 118 
33 45 281 169 222 0 104 114 39 171 
111 235 195 178 181 149 0 61 78 297 
220 142 167 243 291 280 217 0 233 237 
166 188 128 301 239 101 258 99 0 231 
109 196 129 299 228 154 296 210 40 0 
12
0 294 177 97 287 151 38 49 32 194 30 192 
175 0 52 99 212 270 254 137 185 251 74 299 
63 90 0 47 246 36 172 140 117 282 162 289 
64 93 279 0 66 141 136 224 244 161 216 240 
126 156 192 206 0 63 279 57 65 81 277 249 
203 153 109 75 83 0 231 70 134 59 94 269 
74 292 75 213 225 40 0 41 251 197 177 208 
98 192 221 232 214 43 263 0 267 71 277 172 
223 171 101 35 167 49 82 299 0 119 172 66 
180 134 258 176 204 273 120 230 241 0 96 242 
263 248 76 261 173 281 261 169 187 240 0 241 
77 234 132 262 118 109 122 150 52 209 43 0 
21
0 298 68 179 78 205 247 262 153 84 47 273 84 257 262 171 286 132 195 269 147 
56 0 113 296 205 155 172 227 167 77 231 100 271 88 68 250 286 259 143 173 294 
115 181 0 45 55 255 271 98 110 143 262 59 192 161 33 83 141 214 105 56 36 
196 107 37 0 281 258 58 251 216 116 80 156 204 240 41 31 144 55 112 112 113 
35 44 70 258 0 273 169 87 96 172 88 169 86 136 294 155 54 191 160 38 295 
32 262 82 116 164 0 225 234 134 268 134 282 275 232 248 300 30 135 50 117 178 
151 129 61 125 134 82 0 218 129 114 37 91 279 218 277 85 164 146 239 118 87 
241 73 169 193 104 183 295 0 179 85 38 139 146 49 177 66 78 126 119 275 193 
185 157 173 33 251 152 76 253 0 187 74 256 71 222 251 203 132 280 141 183 249 
33 269 76 192 262 61 123 147 177 0 231 56 172 156 57 251 102 189 227 106 113 
38 212 134 111 163 86 62 285 220 61 0 290 83 58 224 147 117 131 208 192 202 
65 227 158 217 192 217 133 100 128 131 66 0 276 275 263 84 68 276 54 253 292 
232 239 154 109 162 163 36 147 114 116 58 91 0 291 151 243 121 136 235 94 169 
275 224 205 239 231 164 42 101 164 251 197 117 187 0 168 32 45 203 190 104 60 
238 127 250 95 298 193 58 210 101 139 246 170 59 56 0 51 208 214 182 114 58 
185 62 256 252 86 298 287 183 264 63 68 61 242 89 113 0 210 175 241 202 147 
179 292 214 104 300 147 165 259 260 176 127 77 194 34 83 185 0 182 207 97 56 
233 104 167 117 196 130 168 51 243 284 298 258 251 300 137 121 180 0 279 100 64 
183 84 203 47 100 289 72 109 63 284 295 93 251 250 53 292 33 208 0 193 154 
285 242 111 34 281 213 178 117 30 42 288 68 134 106 145 150 122 50 260 0 39 
252 270 42 266 43 58 230 82 278 258 270 54 206 43 259 158 228 244 75 203 0 
21
0 137 239 207 123 133 299 78 31 254 141 243 180 35 289 300 110 61 90 286 298 
298 0 132 288 111 265 256 131 248 203 266 64 190 265 220 56 153 146 88 279 118 
157 152 0 98 215 57 59 126 89 56 233 222 210 50 58 177 58 195 43 293 192 
247 116 45 0 156 88 97 173 84 56 298 110 103 220 155 212 125 236 119 91 131 
293 253 174 33 0 224 227 106 75 134 270 232 257 105 85 164 211 31 137 132 279 
121 96 146 34 70 0 41 49 225 190 192 94 249 183 197 96 217 190 287 67 104 
229 136 126 294 181 251 0 34 54 210 238 214 88 224 195 271 246 74 100 297 57 
41 272 119 258 167 132 144 0 148 119 177 169 133 90 53 233 85 224 80 221 57 
101 40 149 184 104 279 53 77 0 239 234 153 210 111 63 237 45 295 291 157 249 
245 262 177 67 184 298 109 241 173 0 161 132 257 129 284 87 121 227 299 78 113 
193 175 137 46 46 97 139 82 179 100 0 256 32 258 238 178 40 152 222 41 280 
245 65 134 274 83 117 216 232 178 153 160 0 260 74 233 156 44 242 190 260 186 
120 287 87 54 43 113 175 56 162 228 131 252 0 298 225 91 210 158 72 205 35 
134 112 286 292 286 275 80 190 145 88 187 262 83 0 193 165 72 30 50 81 180 
47 94 289 82 287 236 209 212 197 168 180 71 207 117 0 111 202 89 40 292 247 
165 154 103 73 293 219 94 227 263 250 83 79 276 132 52 0 186 236 115 45 285 
197 33 200 109 209 121 280 264 80 118 93 39 52 60 211 153 0 256 113 185 272 
224 74 100 269 298 292 37 237 146 293 106 258 201 248 115 210 133 0 164 227 224 
44 129 266 170 255 56 126 97 119 81 274 141 180 253 166 233 232 299 0 170 172 
123 112 154 230 70 148 65 90 227 173 266 209 159 181 150 146 59 69 86 0 203 
73 52 187 251 99 227 47 119 283 278 276 59 168 257 200 277 109 294 76 149 0 
12
0 40 131 52 282 261 100 215 169 175 265 204 
208 0 236 242 43 45 116 31 156 149 254 77 
208 236 0 218 155 249 126 276 105 252 133 93 
31 171 293 0 67 73 282 75 176 100 212 169 
244 255 172 44 0 179 258 90 123 63 248 254 
268 266 64 110 71 0 161 167 136 190 62 200 
256 291 288 226 246 100 0 114 108 200 197 125 
179 152 208 261 174 60 56 0 292 210 144 60 
189 154 283 126 167 281 192 220 0 293 296 208 
247 217 253 107 107 270 161 130 35 0 150 157 
210 64 213 89 89 246 75 195 191 212 0 66 
60 133 241 187 109 153 120 279 166 209 129 0 
14
0 152 164 178 298 204 200 117 219 115 125 128 143 115 
189 0 140 132 300 288 126 81 50 171 230 188 101 114 
65 206 0 130 158 37 112 203 126 256 103 56 111 100 
82 131 198 0 99 291 162 83 246 105 32 128 273 251 
268 91 178 87 0 105 216 88 70 51 55 158 300 265 
118 77 185 244 151 0 156 104 168 50 179 294 182 64 
93 244 192 172 53 46 0 67 117 198 301 196 253 65 
75 79 247 214 188 120 89 0 241 73 190 265 234 75 
123 272 33 148 255 296 130 289 0 227 287 211 183 177 
35 278 73 104 223 124 126 286 35 0 196 39 82 148 
276 134 228 231 36 69 175 121 74 41 0 72 139 233 
285 220 168 203 50 78 269 287 213 190 166 0 249 247 
233 100 252 184 149 187 73 57 132 133 65 66 0 216 
75 280 218 136 264 246 43 223 98 177 40 131 30 0 
14
0 245 85 244 241 195 175 290 179 262 220 243 50 101 
240 0 300 239 164 121 235 106 36 139 278 193 178 146 
126 85 0 156 41 267 281 144 40 126 255 184 109 126 
35 246 227 0 275 52 160 194 279 84 185 76 179 223 
213 37 301 152 0 244 36 294 37 98 233 41 133 204 
76 248 182 191 137 0 252 105 77 43 223 173 131 283 
90 292 249 249 95 176 0 146 55 85 93 162 225 198 
31 187 267 244 66 45 213 0 103 254 183 94 276 121 
193 173 236 131 51 196 166 161 0 246 273 73 168 71 
163 298 164 163 205 292 243 276 104 0 181 67 139 60 
217 283 236 52 48 241 63 75 200 97 0 193 129 183 
177 177 124 259 291 178 62 79 189 235 284 0 31 279 
161 259 208 38 281 38 259 146 121 204 97 191 0 202 
108 46 240 43 137 109 91 264 110 224 35 264 94 0 
15
0 69 298 240 153 201 262 116 213 152 137 195 293 209 72 
261 0 81 133 214 252 109 111 232 197 44 251 110 91 95 
284 296 0 68 82 165 293 166 94 122 186 260 62 44 203 
34 115 41 0 235 244 117 117 227 148 198 32 93 97 251 
39 145 176 265 0 211 96 49 134 43 107 167 160 242 106 
32 270 299 240 173 0 194 127 274 147 99 111 81 135 219 
171 207 34 56 60 124 0 213 56 159 279 182 60 187 107 
247 262 125 220 84 254 197 0 275 279 122 102 256 60 217 
289 50 157 264 284 235 50 247 0 172 189 214 78 227 96 
229 287 58 298 43 240 268 55 283 0 30 132 173 282 205 
247 40 158 279 207 173 250 183 296 301 0 83 57 281 209 
78 168 209 82 105 33 147 134 92 246 33 0 133 83 167 
164 292 183 298 234 258 262 53 78 186 275 227 0 84 293 
95 169 34 235 183 39 297 267 61 165 221 95 284 0 258 
217 35 105 256 167 177 264 204 145 138 144 114 85 287 0 
11
0 103 168 201 286 293 113 179 131 195 229 
152 0 274 255 58 118 277 199 93 183 96 
294 215 0 54 184 271 177 189 188 198 116 
175 154 95 0 286 82 266 109 87 272 51 
285 38 43 167 0 278 196 50 156 76 264 
130 220 57 193 209 0 79 46 170 141 198 
70 257 233 236 200 124 0 251 246 152 250 
83 82 115 59 196 129 173 0 232 226 234 
262 150 148 114 185 182 34 256 0 170 124 
141 234 43 233 230 42 146 106 293 0 153 
182 146 166 153 151 35 127 259 127 181 0 
11
0 221 141 69 230 267 44 279 46 128 160 
154 0 132 154 115 215 101 86 119 169 262 
178 278 0 98 231 237 60 81 98 282 167 
284 138 158 0 36 165 40 224 247 200 195 
179 181 118 157 0 152 197 55 54 33 251 
161 155 103 174 260 0 203 177 209 59 174 
252 211 154 209 286 52 0 184 286 54 220 
253 134 163 146 290 278 103 0 268 148 259 
44 172 192 250 269 73 72 255 0 255 111 
264 168 33 291 176 176 206 278 157 0 160 
142 169 249 49 45 168 235 94 86 120 0 
17
0 93 59 40 266 110 192 146 174 246 117 221 75 203 233 184 46 
192 0 230 121 277 146 139 106 108 279 148 179 212 292 255 258 38 
264 278 0 97 109 210 36 197 72 39 207 231 185 192 197 243 95 
250 161 55 0 234 244 234 199 198 193 122 112 100 276 213 73 158 
215 208 201 286 0 169 115 83 172 186 92 251 137 80 62 230 63 
47 234 204 262 185 0 46 256 218 150 41 81 68 301 176 58 71 
186 41 221 113 31 222 0 54 279 54 297 36 290 145 243 129 108 
171 117 56 58 97 242 275 0 94 241 187 185 149 153 188 160 72 
155 296 283 209 256 64 291 252 0 261 233 196 254 218 103 245 174 
39 261 33 246 213 55 278 121 60 0 71 224 43 104 157 97 186 
34 62 220 171 46 84 84 77 208 62 0 178 72 215 243 78 101 
108 221 201 162 107 121 99 85 286 161 131 0 134 239 51 230 168 
133 105 96 197 253 91 91 192 301 224 82 298 0 249 132 37 69 
289 115 167 205 293 93 213 57 204 229 132 198 221 0 220 44 30 
30 195 64 139 202 32 147 125 34 277 161 198 105 177 0 102 36 
169 237 240 269 164 238 186 241 55 171 191 162 134 77 146 0 115 
251 106 135 35 93 68 80 270 49 112 114 90 242 102 125 202 0 
21
0 284 251 177 185 97 246 163 200 87 40 126 199 130 271 66 91 247 271 200 275 
205 0 167 181 162 207 34 233 137 224 239 137 114 194 35 78 203 95 199 53 212 
190 154 0 31 298 181 66 214 148 44 209 228 250 115 204 154 213 272 135 107 46 
231 108 155 0 52 259 231 201 188 131 100 88 280 92 122 203 208 143 261 250 236 
152 157 97 74 0 170 190 177 219 132 222 201 40 271 33 34 220 230 32 84 104 
109 68 143 110 173 0 72 142 149 53 101 282 101 74 296 148 186 83 51 36 32 
239 91 121 77 107 90 0 130 154 125 41 44 73 196 161 161 88 299 118 75 176 
258 180 125 63 167 50 260 0 132 216 109 261 198 127 249 257 250 156 153 259 105 
295 74 263 260 62 88 206 69 0 148 91 103 89 232 224 84 236 84 292 259 253 
122 191 266 152 69 227 169 284 189 0 73 159 155 59 127 71 211 37 164 254 246 
152 90 244 72 291 288 226 293 249 74 0 269 234 210 148 171 79 93 251 112 129 
101 158 43 104 86 149 136 185 143 66 148 0 138 99 288 185 41 188 171 198 97 
52 116 227 233 76 124 275 155 61 217 174 125 0 210 241 107 267 191 156 196 202 
254 183 82 120 35 240 55 115 108 98 205 93 53 0 72 131 244 35 164 245 102 
174 169 32 211 222 196 293 281 179 158 50 271 56 66 0 105 76 186 237 218 204 
240 252 177 211 273 249 184 151 273 123 197 149 74 37 151 0 100 287 156 38 132 
31 87 115 191 234 264 110 33 199 254 111 211 227 275 85 218 0 183 182 197 172 
261 100 259 233 144 156 128 191 223 47 257 194 182 158 142 135 40 0 66 43 186 
123 43 38 241 186 47 138 103 290 235 173 119 145 289 189 52 188 87 0 283 64 
83 260 123 133 292 68 88 71 279 132 222 160 293 221 278 166 230 128 220 0 206 
49 222 287 94 205 98 224 129 185 73 156 259 64 182 90 208 96 137 249 168 0 
18
0 268 140 68 60 293 181 213 218 176 77 164 222 46 119 235 252 196 
154 0 84 173 260 151 168 144 127 55 104 159 276 216 91 257 153 241 
167 93 0 157 181 210 169 215 125 245 266 219 273 109 140 299 49 47 
32 223 293 0 292 205 102 147 85 276 172 59 134 190 172 214 147 300 
230 95 202 226 0 38 181 174 207 74 88 58 252 284 139 121 47 274 
48 49 138 124 295 0 42 152 200 138 290 206 80 75 185 282 211 177 
263 93 51 61 186 68 0 110 251 172 239 113 149 279 182 73 89 88 
30 201 286 181 106 165 113 0 185 31 59 41 226 125 297 268 110 138 
290 44 207 40 270 194 165 42 0 34 266 82 151 135 177 251 43 169 
242 114 224 260 70 70 244 250 31 0 201 35 186 99 207 160 152 231 
189 249 141 203 177 179 44 134 110 277 0 170 226 295 146 237 175 293 
165 117 193 87 238 145 66 217 68 166 151 0 129 241 252 149 218 251 
100 188 192 62 108 273 57 146 292 56 37 224 0 127 294 262 33 30 
174 70 174 79 301 270 118 79 198 119 122 232 85 0 280 51 295 231 
84 76 41 105 294 131 83 144 74 291 289 86 175 269 0 272 37 238 
200 47 207 145 103 192 62 136 91 173 160 117 49 250 192 0 300 247 
156 136 99 288 39 53 75 136 293 129 35 128 292 96 72 164 0 246 
131 262 196 39 254 71 246 123 116 141 78 146 69 237 249 32 172 0 
10
0 106 280 155 82 262 48 174 94 207 
128 0 184 122 149 189 263 99 218 270 
292 197 0 42 63 200 298 84 88 60 
152 51 154 0 58 80 60 233 47 113 
266 268 298 283 0 282 44 162 31 118 
94 65 195 43 103 0 158 255 221 153 
233 222 154 147 124 254 0 199 183 182 
82 206 99 213 284 156 33 0 273 280 
299 37 57 50 104 72 75 145 0 31 
197 100 59 200 201 188 63 67 159 0 
15
0 156 216 186 134 200 249 296 36 235 127 184 191 242 140 
134 0 241 141 58 170 194 186 72 95 117 124 131 130 88 
288 36 0 291 251 234 158 176 62 133 129 241 30 220 188 
193 115 197 0 191 200 191 249 285 290 73 107 128 255 55 
113 203 103 135 0 41 99 103 123 49 214 284 237 86 231 
119 174 291 221 264 0 271 175 76 188 255 39 254 125 181 
216 228 103 138 196 57 0 121 33 79 128 54 225 268 125 
50 78 214 283 139 112 259 0 158 173 251 113 271 38 50 
213 265 247 132 183 277 197 254 0 213 191 298 58 106 225 
52 111 294 110 38 300 106 148 275 0 103 125 78 155 67 
127 273 100 93 103 298 36 194 65 136 0 247 122 127 167 
128 130 170 234 271 151 141 94 242 267 96 0 279 230 90 
287 175 160 121 284 89 174 290 291 154 259 103 0 275 112 
36 213 134 94 54 119 64 189 72 227 53 53 50 0 46 
100 297 101 153 270 118 268 208 30 135 203 104 112 264 0 
16
0 237 120 206 179 194 206 212 298 205 54 95 188 67 143 240 
238 0 238 299 236 97 132 272 161 117 51 178 216 47 190 216 
100 172 0 150 167 262 33 260 186 239 295 44 296 68 250 165 
298 254 62 0 265 203 169 251 69 111 242 190 157 204 71 219 
72 116 116 155 0 45 58 253 129 290 288 179 137 34 299 213 
301 40 239 296 52 0 272 245 130 168 190 278 129 234 118 234 
139 292 228 168 136 206 0 251 67 196 148 295 169 293 106 46 
46 243 284 243 178 116 281 0 222 36 181 74 180 216 254 219 
254 95 184 152 42 267 178 160 0 194 222 46 71 44 168 41 
206 43 205 154 179 118 184 99 94 0 300 138 252 131 264 198 
103 133 95 128 198 238 115 232 222 74 0 222 117 250 81 167 
35 184 286 95 252 79 83 154 65 224 174 0 189 133 230 124 
91 85 199 118 44 41 100 173 291 123 168 187 0 163 217 108 
187 104 169 92 112 277 218 260 120 236 258 294 270 0 187 157 
213 272 255 143 106 36 45 40 98 32 150 242 205 93 0 103 
136 142 257 100 285 40 119 44 112 77 282 145 107 57 227 0 
16
0 85 261 260 100 41 240 65 268 120 204 207 158 36 287 38 
88 0 224 270 265 286 275 185 298 37 97 42 172 138 139 122 
254 82 0 258 243 205 151 149 174 201 74 89 149 140 222 213 
207 217 264 0 75 73 93 46 93 36 189 281 278 101 96 274 
252 126 235 78 0 92 301 249 146 173 290 265 140 293 54 199 
142 146 75 230 35 0 173 144 42 112 79 189 145 56 198 257 
67 84 251 245 288 286 0 51 241 235 241 294 38 72 186 156 
193 36 83 278 227 97 90 0 59 193 254 174 240 222 53 83 
202 197 48 214 153 103 229 197 0 46 62 186 148 284 125 37 
102 165 237 66 136 125 234 61 134 0 256 103 286 45 82 231 
59 58 228 85 75 34 251 71 143 209 0 89 218 90 137 74 
82 119 253 198 206 198 144 140 126 218 104 0 146 163 59 100 
106 68 54 271 129 220 33 192 53 277 71 249 0 293 109 216 
105 191 237 160 198 142 135 73 266 297 141 266 221 0 38 70 
160 252 214 56 144 151 274 44 248 135 53 54 44 76 0 183 
221 276 102 60 198 293 250 298 246 291 179 166 97 111 149 0 
12
0 284 123 207 116 249 111 209 207 181 297 118 
142 0 59 72 109 220 257 301 286 180 34 161 
162 286 0 183 38 49 43 164 71 132 273 166 
161 117 174 0 287 124 235 102 98 267 68 79 
285 201 231 211 0 215 197 107 246 158 72 50 
209 260 111 297 40 0 55 270 234 215 118 179 
235 173 217 48 112 189 0 213 56 118 112 236 
45 182 66 143 112 137 261 0 161 156 41 181 
34 141 102 175 196 48 43 152 0 94 135 92 
153 162 283 40 225 257 53 249 294 0 292 271 
171 275 33 83 54 154 262 209 86 194 0 127 
117 225 189 299 140 291 30 82 276 178 226 0 
19
0 89 141 74 222 72 80 193 200 104 157 154 87 84 84 193 266 31 292 
220 0 106 108 117 120 76 63 83 183 166 231 189 245 251 61 78 120 284 
281 177 0 83 205 38 41 232 38 37 223 144 78 73 125 143 171 92 189 
258 130 152 0 169 177 40 67 210 191 41 187 31 68 268 241 269 48 98 
131 204 213 129 0 269 275 164 152 283 235 147 230 264 93 284 211 299 197 
37 207 120 109 67 0 42 276 141 249 199 44 197 108 241 271 104 117 158 
231 72 200 49 35 78 0 300 268 142 110 175 100 295 33 193 64 88 176 
200 192 35 121 257 207 95 0 136 119 101 274 37 32 92 293 228 276 51 
204 137 263 256 259 128 103 195 0 263 135 186 48 237 94 299 135 143 274 
140 31 92 143 107 220 150 297 98 0 297 66 94 39 254 197 67 266 35 
130 168 72 149 166 298 105 136 62 297 0 50 172 204 180 107 299 245 239 
235 54 182 146 138 48 54 280 289 92 102 0 290 219 268 231 265 231 288 
283 67 248 120 150 59 183 296 175 232 172 114 0 166 202 250 140 130 186 
227 164 117 42 161 153 74 78 120 247 212 214 89 0 213 159 68 301 252 
63 167 44 149 99 249 196 204 45 118 106 141 52 116 0 199 296 214 256 
36 203 73 122 216 59 173 216 147 59 199 192 183 144 257 0 158 301 67 
37 90 236 269 48 261 41 204 108 138 127 208 165 151 158 206 0 213 165 
79 173 113 73 180 123 274 130 292 180 235 61 290 273 61 138 215 0 113 
87 95 141 109 116 266 176 37 124 261 121 79 270 73 119 41 296 263 0 
15
0 268 220 174 225 219 222 256 204 85 279 116 287 33 55 
165 0 190 155 135 278 296 289 122 202 117 38 227 103 191 
189 107 0 122 247 299 138 141 232 298 239 240 181 200 298 
153 293 48 0 46 183 298 177 260 38 299 200 238 201 288 
100 134 267 282 0 259 271 141 78 238 52 253 62 207 145 
209 163 186 116 249 0 239 97 142 162 104 99 82 61 220 
56 106 102 210 226 120 0 133 184 241 261 44 196 174 263 
277 234 98 225 263 286 137 0 240 158 62 107 223 109 71 
234 119 279 111 216 174 217 269 0 160 210 258 93 295 275 
129 87 43 210 168 120 262 78 45 0 113 196 269 191 140 
216 87 80 59 152 48 100 230 35 247 0 201 119 102 298 
166 32 240 39 267 225 33 92 248 98 242 0 146 241 238 
293 213 170 156 255 159 101 230 292 268 259 271 0 256 168 
300 187 281 166 182 124 131 55 281 209 142 249 96 0 231 
187 181 92 254 199 293 278 136 66 277 93 265 152 195 0 
20
0 227 268 191 162 290 58 66 114 194 93 120 96 285 90 184 201 110 53 157 
180 0 278 244 249 245 124 289 187 278 236 150 297 102 98 68 40 235 193 58 
213 295 0 230 283 91 263 61 278 120 193 49 225 273 239 267 178 119 178 111 
96 201 46 0 290 208 152 279 274 93 280 135 164 259 241 208 290 101 185 123 
162 232 140 110 0 152 47 86 120 214 256 35 247 98 200 134 288 119 301 228 
295 204 195 42 278 0 52 262 46 172 286 74 49 237 277 85 174 243 131 280 
277 171 193 87 107 139 0 140 223 245 263 222 228 201 184 284 129 31 97 123 
152 57 74 30 159 262 124 0 285 214 123 149 68 289 271 154 38 286 130 202 
227 91 290 85 271 103 156 240 0 280 70 184 149 165 205 51 120 76 226 42 
126 58 184 100 58 167 41 276 236 0 237 283 169 178 175 116 246 243 293 161 
238 244 263 249 100 109 158 241 110 213 0 245 139 185 227 84 200 52 62 267 
34 73 211 95 210 271 91 169 250 45 153 0 149 227 276 80 90 102 266 39 
136 162 207 206 229 175 146 142 295 220 74 265 0 131 126 289 229 221 173 86 
252 56 294 79 268 57 257 143 167 121 104 83 54 0 204 241 106 180 130 242 
223 260 86 90 277 241 100 221 78 221 274 75 38 45 0 132 101 207 121 225 
293 261 133 201 202 112 232 174 243 257 159 272 50 235 54 0 223 116 137 144 
161 234 54 151 65 299 223 193 34 281 213 122 266 239 69 41 0 76 51 155 
91 97 77 82 182 169 178 101 65 185 42 179 144 105 200 107 98 0 170 214 
170 105 165 236 65 227 181 47 115 200 234 229 172 221 234 143 270 151 0 133 
143 288 242 160 257 97 76 203 199 104 285 262 192 161 273 133 137 192 152 0 
13
0 47 34 136 273 86 200 208 69 165 112 251 133 
213 0 77 182 246 89 193 75 233 190 122 117 256 
138 135 0 260 142 173 189 150 54 196 44 162 117 
184 150 270 0 134 291 296 93 227 257 51 183 252 
30 47 202 232 0 141 162 78 223 103 176 203 243 
126 185 195 188 288 0 85 165 193 49 51 294 163 
156 55 242 153 207 238 0 250 99 46 265 274 263 
137 258 191 280 63 279 263 0 150 257 139 170 251 
203 141 84 34 53 263 268 32 0 202 169 286 185 
56 89 31 179 277 149 289 32 170 0 261 160 157 
172 103 149 144 176 75 170 198 30 66 0 279 283 
180 96 208 251 36 212 72 242 277 240 201 0 214 
251 296 152 276 66 168 301 158 129 106 89 252 0 
10
0 67 77 279 35 139 121 176 186 205 
208 0 239 190 174 184 56 260 98 163 
277 36 0 68 157 58 68 196 36 66 
285 63 196 0 197 63 94 137 165 227 
61 237 86 213 0 177 283 88 54 187 
186 165 255 239 188 0 111 95 147 179 
159 176 96 45 140 201 0 244 96 207 
210 236 108 75 242 62 78 0 248 146 
38 143 233 295 221 185 175 141 0 246 
106 281 109 223 236 231 105 84 188 0 
14
0 94 280 278 198 170 276 239 274 152 41 61 242 33 
202 0 38 275 194 247 102 92 145 187 250 248 68 42 
66 65 0 256 145 158 228 187 178 277 178 197 153 93 
213 258 75 0 48 63 162 83 163 298 74 148 98 80 
251 263 145 160 0 279 56 89 140 215 102 255 74 79 
159 127 278 276 290 0 272 110 141 215 252 259 262 219 
262 224 257 170 111 98 0 163 294 157 186 264 37 159 
284 123 97 65 112 269 38 0 41 193 292 219 112 213 
172 118 41 174 33 298 41 174 0 210 153 196 146 53 
167 42 164 205 262 154 236 137 97 0 194 296 51 202 
58 94 104 245 57 140 260 250 102 296 0 184 236 125 
193 112 115 142 106 182 246 201 181 163 202 0 270 195 
36 288 78 82 36 46 88 240 62 108 127 154 0 122 
112 138 164 248 201 62 81 129 297 114 140 67 55 0 
21
0 69 281 182 275 261 256 65 165 154 158 268 235 48 140 155 227 224 92 80 253 
195 0 106 31 164 292 109 256 201 297 149 168 177 284 265 86 116 101 91 205 203 
91 189 0 274 166 247 240 90 234 247 103 170 293 179 73 238 145 290 140 144 269 
180 71 112 0 75 272 269 99 139 165 216 82 118 92 81 171 223 48 299 295 225 
99 85 290 77 0 145 285 144 220 245 33 176 36 83 138 300 247 113 273 209 137 
175 66 221 142 218 0 45 168 287 38 145 232 135 228 54 292 296 169 103 33 242 
298 64 213 236 279 213 0 199 222 103 128 70 235 64 100 186 43 177 68 64 50 
175 232 231 264 105 186 126 0 138 32 218 204 241 50 205 87 217 39 186 71 179 
257 112 37 300 80 237 230 50 0 174 212 129 174 41 68 36 271 180 125 207 240 
170 212 97 270 86 144 226 249 292 0 48 158 182 99 88 113 103 38 202 109 121 
155 237 241 119 226 30 289 280 119 103 0 278 114 126 86 65 63 152 141 105 258 
127 96 119 33 41 259 295 154 216 281 248 0 35 99 122 45 99 182 47 56 279 
105 260 189 84 85 270 131 263 189 122 113 260 0 65 80 119 227 140 97 163 184 
259 40 298 245 108 148 86 301 38 256 95 299 98 0 185 300 169 195 120 224 238 
61 66 67 188 102 112 181 253 99 74 95 76 55 210 0 88 284 296 231 54 58 
124 32 187 133 292 140 65 128 85 205 91 263 149 295 54 0 222 83 109 122 180 
181 66 260 124 66 100 147 105 170 289 216 167 112 66 69 262 0 274 108 216 133 
294 217 218 240 141 279 196 76 40 278 267 144 70 89 165 298 182 0 96 175 106 
223 130 77 252 255 271 296 92 230 42 96 296 273 107 118 180 295 132 0 190 52 
154 166 274 171 283 118 141 52 157 74 190 65 65 277 225 103 296 281 175 0 91 
127 173 248 133 191 95 58 89 95 33 49 139 68 50 250 66 212 168 124 115 0 
17
0 146 290 210 87 59 52 142 151 59 173 194 168 30 146 210 255 
123 0 127 149 158 136 285 38 231 178 43 183 278 299 131 172 48 
147 37 0 183 208 58 246 221 137 186 41 223 167 77 117 212 173 
232 270 39 0 285 93 115 195 282 186 255 250 180 42 199 96 177 
137 266 32 233 0 208 205 144 124 173 248 63 248 203 80 148 71 
213 164 220 44 116 0 36 268 41 150 49 151 211 301 128 172 70 
204 198 239 186 88 77 0 291 66 48 96 218 63 112 149 265 100 
147 256 166 234 98 36 130 0 155 253 197 159 233 142 97 66 135 
197 299 153 237 296 241 128 292 0 33 266 51 180 188 98 83 145 
249 288 137 151 178 156 89 99 285 0 55 105 102 209 168 285 239 
194 269 78 258 81 281 271 50 144 75 0 264 121 129 220 85 151 
32 284 106 295 156 163 244 153 257 143 39 0 53 284 288 70 76 
68 202 57 174 101 186 238 67 102 188 252 66 0 203 78 107 291 
110 120 194 50 134 267 243 131 160 46 38 89 35 0 248 137 49 
47 235 199 284 188 164 173 281 72 276 163 99 147 246 0 280 160 
253 253 81 41 55 278 47 202 234 208 112 168 292 178 165 0 284 
34 129 83 219 40 145 258 45 242 86 44 44 183 117 137 160 0 
20
0 49 225 189 138 183 184 282 253 95 173 203 200 160 61 48 81 260 134 289 
171 0 174 179 278 130 197 95 181 296 121 55 234 39 124 185 115 111 295 273 
49 174 0 259 144 114 110 74 65 277 246 188 76 230 30 158 243 200 147 67 
287 243 160 0 147 278 55 218 225 216 145 125 123 240 36 283 122 272 293 202 
281 224 95 204 0 88 158 214 129 227 300 229 72 109 279 157 141 59 115 242 
209 147 67 54 106 0 257 112 235 271 96 60 138 135 299 202 141 67 47 51 
100 255 224 163 134 123 0 181 134 185 261 215 244 59 277 116 179 298 138 238 
39 158 71 53 251 51 101 0 52 151 285 150 62 95 207 148 88 182 47 289 
241 216 241 53 157 285 172 255 0 123 209 126 149 163 139 37 136 119 203 188 
282 248 269 206 174 235 214 158 289 0 121 154 123 198 32 37 74 224 62 217 
229 146 50 68 109 46 36 255 255 155 0 298 202 157 220 271 272 296 54 149 
158 102 184 110 219 212 135 198 174 241 277 0 176 216 171 66 274 269 266 76 
73 157 37 53 280 71 112 71 251 35 253 103 0 218 38 214 299 269 293 90 
42 84 194 200 213 294 271 271 143 76 98 293 218 0 155 172 168 100 159 84 
243 81 248 287 89 260 140 106 292 260 80 59 69 267 0 276 247 202 273 40 
78 81 155 180 115 167 52 59 164 167 91 82 242 153 199 0 60 36 243 68 
152 44 290 37 206 48 166 176 53 171 198 201 234 267 287 45 0 178 239 68 
87 152 224 214 128 109 79 295 104 69 137 250 267 300 274 129 210 0 130 284 
110 253 266 244 261 152 207 74 40 142 199 266 260 206 280 83 72 226 0 71 
102 293 30 76 205 142 103 117 231 266 191 92 182 123 204 169 60 86 30 0 
14
0 244 275 77 131 233 81 107 84 280 273 76 112 166 
257 0 238 160 108 188 132 124 88 99 234 152 187 101 
266 227 0 295 109 230 226 98 242 215 215 121 64 293 
289 206 58 0 269 86 109 229 40 35 44 218 94 142 
81 246 146 213 0 264 101 177 57 197 215 246 51 248 
198 290 146 55 79 0 208 126 212 146 211 74 108 200 
300 172 135 167 261 296 0 96 267 153 286 38 146 104 
119 300 157 112 115 178 30 0 153 94 255 100 182 247 
198 102 145 272 177 202 210 136 0 79 167 135 214 187 
286 193 47 123 122 291 214 155 195 0 261 58 166 116 
76 59 154 177 274 140 180 147 54 269 0 77 118 201 
59 141 131 161 165 63 141 206 246 165 222 0 97 116 
172 157 164 172 159 206 236 85 261 165 92 290 0 177 
75 237 77 259 220 133 54 240 72 58 74 131 105 0 
13
0 80 48 139 271 93 195 53 251 86 222 103 53 
247 0 62 132 228 123 72 153 54 179 182 241 222 
121 238 0 59 144 50 86 112 262 126 208 99 133 
88 97 255 0 205 40 140 88 163 281 174 202 149 
183 57 203 282 0 210 68 85 186 293 207 136 59 
208 106 269 68 295 0 151 187 231 92 259 296 132 
102 57 250 171 166 154 0 61 198 196 112 98 206 
257 143 76 71 277 265 160 0 101 211 252 260 258 
48 222 47 217 121 220 151 40 0 157 121 253 221 
82 134 181 301 203 278 103 136 97 0 209 236 99 
276 292 239 213 228 202 146 178 55 60 0 198 113 
224 161 192 172 261 68 150 132 73 103 46 0 64 
176 135 116 212 261 103 35 208 276 112 103 66 0 
10
0 258 150 170 87 252 66 297 189 82 
30 0 145 219 244 107 170 98 135 172 
131 119 0 52 112 106 296 124 290 50 
241 140 39 0 217 213 93 155 234 95 
125 159 162 173 0 287 217 151 71 184 
55 166 51 136 167 0 261 117 211 214 
113 152 56 128 54 201 0 102 131 208 
125 157 67 232 65 121 126 0 99 266 
286 156 57 67 190 109 293 140 0 97 
195 94 98 272 218 142 46 170 84 0 
17
0 288 91 103 279 253 46 214 282 269 203 154 98 42 217 67 142 
233 0 151 68 236 299 60 116 36 253 33 57 206 169 264 184 246 
85 86 0 186 125 299 208 135 288 219 207 174 185 62 32 99 87 
51 250 214 0 109 60 199 284 209 202 183 42 208 203 70 85 180 
78 228 134 34 0 247 233 166 83 221 123 109 259 236 243 105 214 
281 74 227 113 216 0 71 163 109 175 186 42 207 287 30 166 79 
254 241 187 284 275 89 0 156 86 193 88 197 46 196 294 58 141 
74 97 78 163 215 95 32 0 178 102 286 260 247 251 103 34 187 
96 87 187 177 163 220 194 61 0 36 195 122 172 155 264 38 33 
268 186 203 267 174 228 237 45 266 0 217 89 192 224 219 88 65 
118 114 259 291 174 88 222 276 116 233 0 40 142 275 121 267 188 
185 58 142 205 117 127 237 209 127 90 257 0 137 291 226 156 61 
170 285 145 300 195 264 61 287 231 82 279 63 0 82 113 150 218 
176 58 35 203 96 63 56 226 279 229 190 170 166 0 105 298 299 
299 55 178 201 89 41 159 250 56 221 54 67 75 56 0 301 256 
214 143 109 40 177 298 166 137 225 239 58 122 37 117 74 0 39 
80 124 68 224 253 268 243 188 151 114 171 45 208 167 100 226 0 
18
0 167 274 102 222 37 195 32 121 88 250 286 277 56 166 100 280 290 
140 0 129 63 180 183 291 151 164 271 47 108 94 35 197 117 87 45 
109 277 0 294 196 186 237 106 47 100 300 129 248 154 82 123 63 92 
139 128 201 0 237 63 274 96 45 205 78 164 80 138 172 35 80 72 
129 296 178 133 0 202 301 296 185 287 47 68 250 203 77 246 144 223 
200 83 250 66 114 0 162 290 134 31 115 110 243 93 121 69 190 97 
261 79 108 125 127 60 0 131 278 46 96 93 50 260 273 47 119 220 
207 64 298 225 157 68 36 0 191 129 72 237 218 222 160 288 144 200 
257 132 196 202 82 91 41 196 0 226 108 164 100 180 52 183 216 49 
136 109 134 74 117 41 187 218 257 0 227 270 292 152 293 97 62 103 
243 220 179 166 108 278 81 215 277 108 0 185 261 91 136 159 199 254 
66 187 179 70 72 251 159 296 77 281 253 0 234 238 155 133 185 289 
301 51 80 145 95 109 213 183 161 72 84 182 0 77 91 76 193 299 
150 253 109 111 171 300 98 129 38 83 265 270 199 0 260 69 228 199 
244 218 284 36 120 200 44 163 141 272 261 238 94 67 0 259 66 201 
65 105 161 126 301 111 104 234 59 30 32 33 207 225 299 0 35 206 
289 159 91 234 228 116 96 186 258 129 205 269 276 180 244 178 0 214 
102 166 129 192 97 301 191 220 116 285 58 163 230 149 193 33 171 0 
20
0 41 40 70 105 290 269 105 70 224 56 189 155 234 149 102 181 282 289 140 
277 0 130 285 62 77 33 233 40 125 32 288 113 214 92 224 72 48 297 231 
148 232 0 155 290 109 247 107 108 279 39 43 97 250 197 211 259 278 185 97 
286 186 146 0 250 274 205 145 274 252 111 245 256 87 150 279 282 54 158 64 
269 172 59 172 0 69 32 242 227 276 152 238 227 295 170 95 52 263 181 253 
119 208 88 274 176 0 205 183 293 258 123 298 258 84 51 110 291 271 250 299 
46 236 100 261 188 208 0 280 58 129 167 81 91 274 221 289 44 119 62 295 
123 52 41 269 212 131 264 0 206 185 166 175 245 135 174 266 300 235 40 289 
81 156 181 68 114 141 117 272 0 226 65 220 147 257 42 251 222 196 88 295 
263 109 285 257 65 258 65 96 163 0 145 283 278 114 44 300 113 106 261 154 
60 270 212 145 60 169 176 181 142 286 0 146 272 282 41 91 230 99 214 260 
104 155 179 92 79 121 148 220 255 72 116 0 298 207 273 74 90 282 281 131 
298 239 79 35 198 70 282 101 235 267 287 228 0 234 99 98 261 167 185 244 
213 33 57 169 146 282 209 93 209 107 176 87 284 0 248 105 244 55 285 113 
274 213 108 192 138 174 222 35 214 231 287 280 184 238 0 263 150 131 58 188 
215 66 30 170 246 139 36 249 254 271 72 226 162 139 52 0 269 101 257 224 
207 221 246 45 292 179 47 163 228 76 120 88 128 223 169 211 0 288 200 233 
122 297 37 138 267 147 58 180 92 184 118 144 224 225 211 117 153 0 56 124 
40 36 272 47 187 182 221 33 184 156 219 284 30 161 207 272 35 280 0 87 
185 275 246 48 56 207 113 290 162 52 131 232 76 251 81 150 188 44 61 0 
21
0 82 300 271 121 98 101 180 245 194 82 38 139 173 268 83 242 86 145 299 176 
71 0 181 156 228 155 223 204 255 64 115 191 182 196 298 135 68 239 209 62 301 
168 76 0 116 148 268 260 283 179 258 135 65 256 137 135 262 114 203 153 181 43 
195 290 139 0 113 143 151 114 131 89 140 52 101 189 63 174 171 104 145 151 44 
153 93 99 280 0 195 114 81 236 91 114 144 69 182 144 50 178 40 299 32 126 
267 295 234 54 185 0 53 244 96 34 220 89 198 123 138 197 57 246 115 137 76 
67 61 45 167 268 137 0 292 104 124 111 66 125 65 278 59 147 43 192 121 118 
198 141 260 175 243 260 209 0 294 205 99 223 221 122 125 68 149 298 169 70 141 
168 287 248 283 200 247 156 146 0 222 272 255 283 87 98 52 128 54 206 241 266 
162 278 137 185 94 222 257 129 251 0 158 168 105 127 39 107 133 271 100 297 246 
101 202 168 157 259 62 70 222 264 172 0 264 67 71 135 133 122 120 239 264 251 
101 49 105 50 215 153 159 48 280 92 64 0 264 258 93 110 235 268 111 98 43 
83 192 67 289 136 294 209 109 233 265 187 37 0 229 96 233 153 154 101 198 294 
267 212 140 301 284 168 279 93 37 161 52 228 172 0 228 64 70 200 58 200 87 
91 298 297 238 35 113 233 228 45 50 262 262 57 137 0 275 76 284 213 220 148 
256 194 160 97 130 228 120 95 122 106 249 152 203 187 132 0 77 57 282 205 189 
192 295 199 200 113 88 204 118 209 175 112 221 220 88 164 159 0 52 122 34 235 
49 209 224 75 85 261 192 183 43 296 171 73 215 37 287 249 153 0 97 81 136 
267 74 137 260 278 74 45 204 148 227 175 216 65 166 300 88 232 75 0 122 131 
123 38 238 134 38 97 44 58 219 191 74 57 38 299 275 161 272 100 55 0 278 
108 62 63 180 123 119 243 232 127 266 204 240 94 153 148 51 86 90 96 57 0 
11
0 54 279 93 274 244 250 218 197 279 243 
248 0 271 188 216 180 57 290 63 77 245 
292 272 0 75 272 76 184 292 193 232 67 
258 203 246 0 132 82 113 237 152 62 245 
261 130 72 103 0 109 49 119 189 48 167 
57 166 174 131 86 0 112 241 181 182 195 
278 220 230 162 58 68 0 147 175 163 129 
33 55 212 275 94 96 118 0 79 215 118 
263 236 112 237 45 282 278 271 0 119 242 
134 157 95 101 292 291 68 49 174 0 207 
204 298 247 58 70 144 72 136 34 70 0 
11
0 262 281 198 61 71 37 230 65 132 103 
77 0 158 267 126 55 185 276 61 255 177 
153 135 0 248 284 198 174 98 290 237 34 
43 229 265 0 53 124 238 93 273 204 104 
286 282 243 101 0 170 128 212 30 297 283 
59 196 62 137 30 0 187 44 290 95 98 
232 170 149 50 291 39 0 104 87 79 292 
100 107 260 202 283 148 92 0 227 285 82 
196 106 55 246 243 218 141 33 0 97 140 
106 206 221 106 59 52 241 255 288 0 209 
70 48 81 229 278 52 276 51 142 276 0 
12
0 170 80 203 250 153 165 247 39 33 101 30 
138 0 101 230 264 262 126 232 112 206 160 153 
172 60 0 53 131 209 85 45 259 38 111 114 
38 98 262 0 225 271 164 127 285 98 125 236 
186 129 245 59 0 127 51 290 150 46 78 142 
197 279 94 242 34 0 187 65 192 36 88 186 
52 193 285 136 35 70 0 30 61 290 37 180 
38 216 275 125 33 204 154 0 198 207 143 214 
282 120 291 67 112 78 258 289 0 149 237 72 
280 226 174 254 203 209 164 247 82 0 40 100 
287 172 117 287 60 203 242 32 194 154 0 205 
126 209 102 72 81 126 269 57 238 128 209 0 
11
0 60 63 217 258 47 101 261 299 61 237 
128 0 72 130 99 111 225 93 153 94 118 
33 135 0 52 78 288 132 84 254 197 180 
76 134 231 0 202 283 75 175 180 96 175 
286 260 249 242 0 260 271 252 199 255 131 
126 220 174 43 33 0 188 108 67 103 141 
191 155 267 43 164 101 0 75 42 172 298 
285 271 262 66 101 162 86 0 64 157 253 
248 265 209 154 266 168 256 53 0 162 42 
271 271 31 288 117 46 46 170 144 0 210 
33 35 86 167 144 267 137 268 197 84 0 
14
0 228 118 102 297 56 104 59 163 300 121 254 174 137 
44 0 58 135 257 112 255 101 116 252 220 108 179 220 
209 162 0 146 273 179 135 239 175 159 130 68 240 237 
100 293 77 0 52 219 279 61 52 171 172 79 83 104 
64 136 59 90 0 236 134 283 90 251 253 102 141 250 
118 273 269 242 203 0 87 138 96 223 86 290 258 201 
291 40 216 110 136 229 0 162 259 192 88 240 114 39 
262 241 177 229 222 44 243 0 63 217 97 252 98 85 
232 187 53 248 136 59 44 230 0 91 129 125 145 229 
47 117 144 115 79 157 111 65 159 0 165 111 262 197 
162 169 258 177 100 38 81 135 172 131 0 101 35 214 
249 100 226 113 99 184 82 116 173 205 123 0 162 77 
241 44 289 145 97 114 64 112 59 292 135 176 0 84 
85 33 179 174 72 109 139 49 143 279 148 109 112 0 
16
0 227 184 35 282 73 135 211 165 153 42 281 177 245 57 69 
131 0 159 38 112 174 125 85 69 253 57 240 230 84 125 126 
31 290 0 121 262 237 230 95 154 244 117 171 184 127 127 102 
293 237 266 0 167 280 172 128 238 295 152 189 105 224 166 268 
69 56 200 77 0 90 179 99 68 34 45 141 169 103 118 157 
205 296 254 106 103 0 128 131 42 138 210 236 72 298 295 227 
278 59 223 53 228 88 0 274 223 168 284 66 193 287 284 111 
227 35 146 195 40 227 41 0 42 148 49 118 224 276 189 114 
118 182 256 247 294 205 252 53 0 249 168 234 229 121 182 98 
127 172 142 201 246 180 211 206 184 0 208 208 85 93 44 217 
164 137 175 253 214 103 81 63 282 54 0 260 81 128 226 77 
76 290 60 35 175 126 292 291 164 178 245 0 157 273 177 190 
38 55 176 194 43 119 245 87 69 92 184 89 0 250 44 37 
208 87 30 172 201 140 166 138 146 182 130 92 258 0 141 256 
143 69 97 137 152 199 81 55 220 75 201 132 98 102 0 152 
171 177 156 106 235 94 173 197 86 53 155 227 189 73 250 0 
13
0 70 84 279 248 130 250 208 132 154 67 279 69 
225 0 200 217 277 239 50 101 195 51 162 290 113 
205 201 0 284 72 43 246 295 48 43 214 71 141 
264 74 197 0 276 278 178 66 151 148 87 69 282 
299 193 97 295 0 294 226 30 197 255 260 120 131 
105 222 77 104 237 0 146 168 241 121 264 124 273 
105 73 124 85 120 240 0 250 171 102 208 158 205 
124 117 191 80 161 165 163 0 269 48 75 42 269 
114 104 265 294 240 45 243 121 0 241 172 267 196 
225 205 176 210 221 212 48 168 222 0 178 275 32 
144 75 218 62 97 246 222 262 119 145 0 212 76 
131 130 184 222 89 149 87 236 106 194 256 0 106 
270 123 197 115 36 287 276 184 109 106 172 126 0 
17
0 143 38 151 193 63 256 273 225 130 197 82 183 73 34 169 116 
36 0 228 74 31 209 222 207 223 291 191 79 264 86 222 34 258 
254 30 0 147 180 126 143 211 88 125 86 207 128 82 252 101 117 
67 91 59 0 300 61 108 181 75 282 88 85 289 140 135 161 76 
156 78 120 172 0 43 109 274 75 226 83 124 57 272 284 257 218 
151 171 171 197 168 0 189 267 73 75 250 84 119 267 60 45 41 
53 103 161 289 182 135 0 296 260 156 300 290 178 182 101 235 199 
43 217 265 233 32 264 85 0 172 123 273 254 181 38 167 208 268 
237 288 48 179 82 193 157 93 0 235 162 273 300 123 239 76 41 
210 137 293 113 174 81 265 215 259 0 210 157 116 269 143 229 235 
66 140 107 210 186 223 60 177 231 181 0 155 140 262 64 273 159 
194 199 42 71 233 211 236 232 89 143 112 0 287 176 133 43 193 
266 198 115 38 254 76 121 46 293 220 152 226 0 134 81 212 289 
132 162 252 58 194 122 255 101 71 296 241 189 179 0 231 203 243 
213 198 34 49 153 38 231 176 203 240 93 166 215 188 0 98 132 
171 98 108 30 290 137 71 102 279 104 98 76 39 234 142 0 62 
31 108 256 288 71 31 113 113 56 39 259 71 153 276 211 138 0 
17
0 34 204 61 125 242 136 168 54 171 68 147 99 301 256 166 141 
164 0 213 32 62 269 256 33 184 226 187 146 64 196 71 212 199 
288 155 0 174 151 245 241 271 219 284 233 57 71 57 292 123 253 
237 155 191 0 79 215 248 294 298 59 80 268 110 269 135 183 273 
188 197 130 96 0 293 43 267 110 264 180 163 273 61 272 80 229 
296 103 45 294 212 0 117 86 117 168 155 241 215 195 158 236 63 
133 274 201 293 287 73 0 236 137 82 60 47 187 104 145 61 214 
41 247 121 45 86 88 180 0 48 229 116 190 290 197 90 204 188 
236 111 100 71 125 266 78 74 0 106 111 38 281 82 245 230 50 
217 100 214 294 171 169 268 62 182 0 114 276 249 66 195 85 180 
117 176 145 170 269 253 220 205 92 179 0 165 288 107 176 286 213 
257 292 62 260 73 174 301 157 92 209 219 0 300 66 246 96 110 
52 60 101 65 160 162 141 241 238 246 131 50 0 69 195 106 161 
68 35 133 132 145 248 185 103 246 116 98 115 141 0 289 71 138 
292 179 291 122 254 192 167 104 135 185 296 247 82 210 0 89 87 
268 119 172 217 44 112 190 168 87 222 268 70 170 30 132 0 282 
129 191 129 261 246 103 174 47 108 235 164 297 119 186 182 52 0 
16
0 199 34 275 141 145 182 118 112 89 108 161 246 198 184 178 
199 0 138 278 139 130 275 35 95 71 293 191 206 187 152 116 
121 73 0 96 68 90 87 138 64 273 197 114 98 183 189 240 
227 131 177 0 223 114 173 176 89 138 118 46 200 234 259 90 
246 117 263 167 0 190 247 160 214 209 111 220 260 66 248 46 
214 143 193 137 70 0 240 135 261 62 279 180 44 99 148 93 
104 187 158 91 290 60 0 222 151 128 80 77 186 92 235 125 
266 166 137 226 128 177 85 0 229 186 281 198 300 207 126 292 
261 256 214 250 150 217 63 239 0 32 68 39 124 39 179 204 
216 138 300 261 111 246 44 202 40 0 285 221 235 301 183 147 
123 105 68 129 100 297 137 265 50 182 0 201 247 77 95 48 
84 101 288 243 142 168 242 41 181 235 72 0 284 253 279 267 
51 255 97 178 223 141 207 54 121 209 272 30 0 174 200 245 
71 161 194 70 267 205 167 159 120 191 87 50 46 0 203 131 
159 189 293 115 151 62 177 178 260 222 290 288 85 48 0 66 
185 74 187 205 58 45 208 265 108 291 55 31 295 179 221 0 
12
0 226 239 104 271 102 86 173 106 126 261 147 
33 0 235 69 278 57 74 128 301 143 109 119 
284 291 0 113 84 115 30 163 256 192 166 269 
241 61 174 0 295 163 50 251 247 224 129 242 
179 186 194 265 0 170 202 32 56 71 268 195 
167 213 223 263 117 0 281 194 272 168 235 206 
119 299 136 132 144 200 0 300 65 91 248 160 
184 57 203 139 168 237 258 0 208 268 160 284 
63 138 127 211 119 152 97 200 0 53 152 215 
45 240 83 31 98 160 268 89 76 0 204 39 
44 208 46 289 67 139 145 104 276 53 0 247 
280 228 68 238 258 61 142 152 61 253 33 0 
20
0 238 192 70 221 49 247 300 258 287 88 131 209 240 151 123 71 260 271 265 
251 0 190 160 224 73 40 109 273 136 133 225 192 190 204 204 301 227 30 218 
164 130 0 257 295 88 290 280 149 74 146 36 65 250 91 270 217 288 49 115 
108 286 285 0 105 286 210 180 113 70 36 184 173 257 79 30 173 114 162 263 
49 168 123 244 0 256 277 258 33 90 164 282 184 138 268 260 299 264 112 37 
180 71 57 298 147 0 103 78 60 95 56 270 219 133 170 42 263 178 73 69 
204 300 199 156 48 214 0 100 177 121 234 81 273 212 218 58 52 33 62 201 
192 36 161 77 205 137 144 0 163 182 237 112 297 123 48 59 202 89 228 206 
213 278 78 191 236 230 112 99 0 32 236 249 169 76 72 231 258 257 274 238 
232 34 92 97 241 152 163 71 80 0 231 186 121 149 132 275 77 128 215 201 
246 276 245 128 119 160 285 69 234 43 0 214 34 152 226 35 42 179 257 132 
292 104 104 184 154 211 200 300 247 121 108 0 268 131 140 133 217 140 110 47 
145 293 114 219 215 96 105 74 175 204 153 85 0 156 261 174 119 276 149 243 
108 211 55 188 201 281 181 30 235 255 301 105 126 0 279 102 171 212 296 185 
133 46 121 94 77 127 198 156 30 223 195 259 221 287 0 37 231 54 257 96 
169 131 43 70 181 84 158 134 211 72 102 194 277 282 251 0 262 268 126 83 
58 69 208 74 124 128 183 234 188 210 51 265 267 174 181 95 0 267 45 229 
260 171 152 91 293 169 272 141 130 77 161 245 107 62 147 255 126 0 197 79 
93 216 65 123 159 277 133 43 57 284 243 197 56 49 180 181 199 156 0 226 
262 281 43 130 149 97 183 108 259 82 106 266 234 295 226 117 299 227 48 0 
19
0 221 37 57 265 90 75 227 254 266 279 172 39 235 48 258 90 280 185 
103 0 119 188 88 267 297 69 104 261 194 263 80 74 295 269 150 87 297 
277 146 0 69 127 261 37 160 89 185 282 82 55 32 201 47 246 241 147 
291 166 59 0 53 257 291 114 53 153 69 198 64 176 41 66 237 51 45 
106 154 141 145 0 274 93 85 59 73 297 293 252 36 94 84 97 193 67 
182 285 73 127 129 0 290 236 211 270 193 239 253 217 126 134 275 57 169 
171 66 283 281 132 239 0 191 230 104 118 221 279 153 89 44 108 265 113 
206 229 157 207 64 220 220 0 176 45 298 234 50 137 279 148 66 277 96 
46 133 38 219 256 40 256 36 0 68 186 46 59 227 89 181 187 208 153 
99 175 38 95 64 80 106 218 220 0 144 55 178 86 254 95 157 189 198 
100 120 291 232 53 240 158 65 248 232 0 106 242 180 35 200 271 175 92 
240 144 30 117 45 156 299 180 157 154 180 0 31 85 194 179 98 193 160 
150 194 85 108 61 179 173 200 97 187 78 258 0 278 236 72 55 233 40 
284 236 58 62 72 86 60 202 256 262 280 107 81 0 40 47 120 232 256 
30 293 44 30 186 227 168 227 125 299 46 255 94 114 0 44 143 213 33 
131 84 39 269 73 225 290 146 291 83 198 170 115 210 69 0 100 191 298 
52 202 223 117 137 290 118 123 152 265 298 174 246 265 283 164 0 82 46 
38 108 134 194 202 298 270 169 301 228 244 66 148 124 121 130 230 0 77 
82 189 296 265 114 173 94 236 181 80 208 201 52 80 111 187 118 110 0 
19
0 263 214 85 236 110 177 271 150 210 180 80 290 300 40 186 221 182 59 
244 0 264 100 122 158 253 148 195 253 181 59 32 240 236 199 204 206 199 
118 174 0 232 300 172 137 72 53 178 33 62 90 271 225 37 196 85 160 
259 188 227 0 213 193 241 197 191 107 209 116 33 269 193 267 235 238 32 
150 146 286 40 0 144 34 153 71 50 80 178 218 170 120 124 173 177 95 
211 87 260 51 149 0 98 98 181 244 263 83 104 290 38 90 134 119 74 
72 107 234 72 53 117 0 238 111 38 187 211 216 201 99 96 88 192 228 
166 195 246 263 91 301 251 0 197 292 216 93 212 117 296 251 87 97 74 
204 272 111 287 141 63 144 176 0 281 104 157 273 95 176 247 53 82 93 
119 297 135 114 107 42 124 240 199 0 243 46 248 37 60 164 171 175 102 
92 253 257 170 122 41 220 102 121 71 0 107 196 155 193 114 275 221 171 
130 191 114 294 166 179 276 232 138 34 134 0 258 218 256 75 47 163 201 
156 121 282 68 47 62 46 98 236 74 64 82 0 160 80 214 110 207 108 
108 80 264 40 295 92 248 192 210 253 63 197 300 0 183 160 272 161 286 
175 206 145 220 238 236 219 81 233 261 205 213 240 294 0 57 63 275 172 
81 286 285 34 65 175 141 189 103 57 66 228 115 121 140 0 38 269 164 
189 213 89 98 255 289 183 218 155 250 55 30 269 191 209 104 0 57 163 
55 108 258 102 210 269 111 78 199 109 82 152 225 225 268 243 293 0 267 
87 274 69 177 266 124 267 157 117 71 93 132 149 289 83 177 140 120 0 
14
0 88 118 286 185 252 104 289 147 199 169 134 225 79 
37 0 143 188 281 31 82 280 172 79 90 96 179 152 
130 224 0 89 260 41 263 160 118 116 62 269 187 201 
297 64 142 0 69 62 292 42 213 131 282 141 216 293 
72 149 223 151 0 161 216 59 122 294 159 52 167 198 
67 115 224 190 104 0 88 38 46 172 106 214 255 212 
184 201 42 133 153 298 0 35 283 277 268 160 290 61 
268 45 77 288 69 229 180 0 53 268 70 86 219 251 
145 216 36 232 155 221 100 170 0 200 149 47 210 62 
68 260 217 66 56 275 96 121 298 0 175 189 234 56 
258 133 237 285 253 44 174 183 237 72 0 114 159 107 
240 141 299 94 164 184 72 116 284 228 275 0 101 237 
57 56 258 44 140 42 88 212 243 201 129 123 0 278 
83 100 257 239 165 225 39 61 45 64 192 70 74 0 
21
0 273 164 198 110 129 54 172 301 142 195 244 290 166 280 124 215 82 249 177 142 
96 0 57 65 121 38 287 130 171 156 110 285 96 134 219 48 208 33 274 83 44 
104 105 0 174 125 154 170 81 251 71 73 79 120 245 290 58 294 78 280 75 229 
216 85 237 0 167 222 137 66 71 152 270 225 156 197 297 72 122 44 31 146 55 
131 108 279 269 0 34 283 113 199 250 279 118 276 118 152 204 141 205 169 263 157 
214 132 105 89 77 0 235 123 219 243 52 109 97 246 257 48 290 66 280 101 74 
298 184 139 173 211 287 0 186 123 103 240 196 116 127 42 222 66 187 176 100 206 
49 220 183 85 217 275 233 0 129 153 241 246 48 175 71 120 140 161 235 298 157 
200 113 188 135 151 271 176 290 0 153 121 157 266 135 65 300 224 194 76 256 276 
142 56 157 181 53 261 128 34 248 0 128 245 206 192 281 248 170 100 182 38 229 
59 64 81 148 156 220 63 105 123 153 0 267 94 222 137 130 95 289 235 201 299 
54 225 30 281 111 193 30 220 126 236 283 0 217 168 177 38 53 241 270 118 262 
236 43 47 274 31 288 159 103 297 252 241 196 0 210 127 82 159 264 290 144 83 
290 241 300 221 297 48 131 140 54 179 186 104 177 0 61 111 278 294 145 74 154 
254 290 138 111 258 263 228 32 156 128 273 185 40 301 0 227 41 132 221 35 62 
284 244 114 60 251 149 285 139 36 101 39 282 37 141 57 0 241 102 206 233 188 
195 41 291 265 275 77 226 178 106 125 296 163 213 211 229 129 0 182 125 200 233 
113 157 172 300 88 47 263 278 218 291 30 59 160 241 186 252 197 0 299 58 194 
129 57 125 260 193 83 259 213 222 167 208 146 212 192 41 152 245 213 0 60 272 
208 262 156 168 220 200 247 226 252 40 116 228 48 208 53 68 266 141 259 0 164 
58 291 170 198 85 59 178 242 34 229 134 139 33 294 210 182 203 67 44 62 0 
