1000 6000
1 672
2 491
3 198
4 690
5 578
6 229
7 670
8 437
9 263
10 258
11 3
12 864
13 244
14 738
15 310
16 144
17 916
18 600
19 16
20 398
21 854
22 393
23 299
24 69
25 15
26 873
27 858
28 766
29 548
30 284
31 507
32 110
33 207
34 385
35 687
36 700
37 719
38 904
39 719
40 341
41 494
42 430
43 808
44 844
45 243
46 467
47 261
48 480
49 800
50 754
51 20
52 90
53 880
54 231
55 404
56 611
57 492
58 157
59 495
60 958
61 631
62 977
63 942
64 703
65 714
66 521
67 934
68 883
69 99
70 518
71 5
72 384
73 877
74 890
75 261
76 203
77 962
78 703
79 423
80 416
81 922
82 694
83 69
84 327
85 140
86 188
87 144
88 767
89 222
90 609
91 473
92 524
93 372
94 916
95 350
96 481
97 933
98 437
99 311
100 858
101 629
102 429
103 525
104 650
105 369
106 756
107 603
108 521
109 676
110 285
111 441
112 366
113 485
114 800
115 699
116 809
117 27
118 998
119 236
120 965
121 115
122 711
123 195
124 699
125 282
126 509
127 581
128 798
129 42
130 122
131 592
132 930
133 56
134 213
135 136
136 754
137 582
138 754
139 285
140 508
141 9
142 923
143 248
144 623
145 78
146 232
147 834
148 302
149 640
150 627
151 825
152 377
153 710
154 496
155 516
156 323
157 361
158 236
159 389
160 387
161 542
162 668
163 239
164 371
165 20
166 489
167 445
168 31
169 118
170 65
171 891
172 999
173 708
174 87
175 861
176 392
177 82
178 393
179 400
180 692
181 217
182 288
183 497
184 974
185 387
186 215
187 191
188 633
189 141
190 426
191 380
192 668
193 508
194 248
195 43
196 658
197 696
198 317
199 237
200 436
201 778
202 929
203 618
204 184
205 476
206 762
207 226
208 353
209 412
210 649
211 371
212 573
213 485
214 854
215 704
216 994
217 885
218 446
219 419
220 986
221 880
222 643
223 687
224 700
225 393
226 47
227 963
228 571
229 761
230 301
231 260
232 470
233 749
234 627
235 552
236 49
237 42
238 148
239 116
240 807
241 528
242 73
243 235
244 444
245 609
246 876
247 968
248 575
249 985
250 225
251 493
252 859
253 298
254 278
255 421
256 971
257 907
258 663
259 430
260 889
261 219
262 372
263 462
264 362
265 789
266 553
267 149
268 126
269 869
270 428
271 995
272 702
273 377
274 316
275 416
276 626
277 156
278 360
279 271
280 129
281 981
282 370
283 357
284 92
285 933
286 133
287 889
288 231
289 561
290 503
291 86
292 791
293 388
294 675
295 255
296 131
297 822
298 121
299 490
300 1000
301 292
302 378
303 488
304 49
305 20
306 556
307 532
308 712
309 385
310 781
311 141
312 204
313 895
314 381
315 893
316 929
317 697
318 668
319 605
320 338
321 819
322 484
323 987
324 965
325 181
326 948
327 462
328 755
329 851
330 9
331 680
332 703
333 920
334 162
335 750
336 134
337 944
338 170
339 50
340 833
341 386
342 620
343 819
344 995
345 26
346 206
347 469
348 236
349 761
350 38
351 861
352 816
353 944
354 765
355 360
356 399
357 205
358 129
359 750
360 47
361 720
362 152
363 203
364 904
365 689
366 234
367 217
368 363
369 659
370 748
371 110
372 306
373 206
374 887
375 295
376 462
377 656
378 480
379 126
380 225
381 253
382 421
383 582
384 552
385 560
386 775
387 803
388 885
389 67
390 362
391 877
392 305
393 683
394 436
395 147
396 714
397 513
398 954
399 532
400 147
401 198
402 532
403 120
404 379
405 793
406 685
407 913
408 492
409 855
410 259
411 694
412 293
413 109
414 910
415 978
416 922
417 647
418 841
419 929
420 101
421 834
422 936
423 941
424 953
425 67
426 156
427 209
428 896
429 355
430 575
431 518
432 710
433 258
434 415
435 52
436 279
437 413
438 21
439 865
440 872
441 918
442 451
443 40
444 456
445 539
446 701
447 277
448 460
449 405
450 260
451 207
452 388
453 559
454 155
455 533
456 113
457 963
458 239
459 325
460 980
461 164
462 125
463 857
464 295
465 772
466 39
467 977
468 407
469 188
470 902
471 813
472 249
473 795
474 281
475 176
476 415
477 982
478 796
479 441
480 196
481 203
482 759
483 241
484 261
485 346
486 735
487 88
488 5
489 139
490 383
491 946
492 642
493 109
494 761
495 666
496 120
497 629
498 383
499 701
500 365
501 417
502 143
503 43
504 326
505 430
506 108
507 80
508 833
509 559
510 33
511 27
512 130
513 445
514 281
515 833
516 192
517 251
518 204
519 719
520 518
521 689
522 621
523 222
524 592
525 46
526 665
527 552
528 445
529 798
530 927
531 473
532 391
533 895
534 115
535 842
536 444
537 530
538 322
539 781
540 244
541 360
542 567
543 251
544 290
545 850
546 462
547 391
548 334
549 414
550 150
551 200
552 28
553 888
554 98
555 203
556 837
557 831
558 593
559 491
560 332
561 723
562 837
563 977
564 316
565 353
566 644
567 726
568 774
569 908
570 531
571 868
572 601
573 791
574 772
575 65
576 111
577 64
578 769
579 87
580 949
581 531
582 945
583 23
584 690
585 295
586 832
587 496
588 927
589 886
590 35
591 649
592 113
593 813
594 214
595 988
596 233
597 839
598 836
599 489
600 314
601 599
602 492
603 383
604 799
605 752
606 373
607 874
608 365
609 217
610 760
611 393
612 761
613 425
614 795
615 165
616 516
617 704
618 557
619 27
620 292
621 430
622 524
623 228
624 383
625 558
626 182
627 979
628 966
629 183
630 663
631 988
632 366
633 68
634 841
635 515
636 108
637 114
638 433
639 220
640 723
641 598
642 597
643 188
644 510
645 388
646 527
647 802
648 370
649 639
650 980
651 376
652 182
653 515
654 51
655 37
656 82
657 803
658 682
659 192
660 900
661 772
662 531
663 42
664 729
665 892
666 10
667 826
668 769
669 33
670 734
671 722
672 530
673 124
674 279
675 993
676 707
677 540
678 670
679 323
680 782
681 737
682 935
683 962
684 893
685 573
686 629
687 266
688 203
689 292
690 955
691 53
692 621
693 611
694 153
695 675
696 372
697 278
698 716
699 535
700 185
701 58
702 457
703 27
704 86
705 36
706 381
707 516
708 749
709 883
710 571
711 162
712 151
713 900
714 656
715 463
716 514
717 320
718 992
719 725
720 261
721 182
722 187
723 542
724 393
725 796
726 335
727 336
728 431
729 648
730 845
731 523
732 748
733 683
734 829
735 888
736 19
737 340
738 775
739 786
740 932
741 552
742 580
743 41
744 329
745 377
746 32
747 958
748 266
749 625
750 874
751 488
752 108
753 257
754 648
755 219
756 42
757 376
758 606
759 113
760 954
761 616
762 397
763 447
764 383
765 921
766 675
767 278
768 109
769 253
770 48
771 224
772 680
773 383
774 756
775 493
776 403
777 208
778 446
779 90
780 608
781 622
782 747
783 260
784 403
785 893
786 196
787 813
788 215
789 266
790 130
791 630
792 55
793 939
794 593
795 224
796 249
797 671
798 204
799 492
800 926
801 227
802 947
803 950
804 207
805 61
806 895
807 405
808 134
809 473
810 125
811 238
812 363
813 973
814 669
815 908
816 698
817 979
818 549
819 147
820 536
821 340
822 491
823 512
824 721
825 564
826 418
827 249
828 343
829 286
830 651
831 795
832 210
833 298
834 470
835 796
836 210
837 799
838 79
839 155
840 912
841 122
842 745
843 553
844 684
845 290
846 256
847 705
848 823
849 507
850 338
851 727
852 720
853 231
854 883
855 315
856 828
857 347
858 698
859 315
860 355
861 73
862 140
863 321
864 998
865 2
866 259
867 192
868 265
869 804
870 504
871 287
872 664
873 385
874 241
875 729
876 873
877 840
878 823
879 929
880 557
881 447
882 251
883 248
884 912
885 224
886 705
887 542
888 24
889 458
890 570
891 758
892 388
893 562
894 599
895 786
896 483
897 725
898 189
899 388
900 123
901 572
902 694
903 266
904 774
905 254
906 880
907 742
908 361
909 695
910 224
911 121
912 689
913 208
914 837
915 336
916 521
917 20
918 815
919 48
920 143
921 544
922 178
923 756
924 331
925 436
926 173
927 132
928 957
929 68
930 639
931 640
932 384
933 229
934 433
935 890
936 889
937 408
938 876
939 634
940 10
941 124
942 789
943 201
944 817
945 422
946 445
947 238
948 415
949 859
950 764
951 308
952 372
953 57
954 119
955 194
956 624
957 274
958 389
959 284
960 217
961 32
962 162
963 13
964 854
965 511
966 889
967 665
968 343
969 273
970 935
971 83
972 463
973 226
974 711
975 437
976 747
977 962
978 769
979 36
980 412
981 269
982 216
983 545
984 358
985 82
986 404
987 507
988 171
989 186
990 36
991 462
992 160
993 933
994 8
995 29
996 120
997 674
998 972
999 14
546 604
729 899
112 892
667 104
388 174
639 964
174 836
970 190
854 871
869 344
361 522
72 275
514 893
289 926
159 479
28 131
565 921
371 982
418 91
674 809
847 503
206 359
533 138
5 403
681 927
993 102
716 236
80 785
736 912
961 856
867 660
247 515
786 706
71 189
802 634
624 400
739 521
72 828
251 672
909 970
139 706
304 470
821 412
769 437
675 488
517 147
324 197
271 229
645 503
273 876
513 37
416 961
68 385
807 780
140 384
915 940
982 962
55 443
566 806
268 182
892 81
729 707
905 108
555 260
73 905
682 484
322 237
825 700
910 518
213 619
966 458
988 183
364 235
243 695
654 496
692 847
958 600
385 724
388 925
949 427
686 238
134 611
653 806
343 600
476 367
343 104
598 284
858 173
880 1000
715 685
473 398
91 601
839 689
267 85
835 882
923 590
563 616
485 946
554 778
504 193
69 5
387 138
558 770
375 486
673 772
257 487
221 593
293 371
695 280
349 454
772 863
198 386
703 236
420 869
524 272
665 285
979 736
456 957
461 258
92 723
738 958
624 729
679 59
238 550
382 956
818 544
966 630
79 51
294 202
626 905
556 338
909 409
438 164
902 839
264 772
277 755
694 372
376 272
982 589
747 713
934 989
983 821
940 976
283 868
204 907
991 403
258 308
700 252
571 368
360 576
720 905
625 152
268 819
179 353
224 129
259 726
312 643
346 842
809 405
958 46
775 959
569 824
239 71
686 894
1000 949
19 918
628 192
215 925
751 31
569 921
127 215
298 571
149 730
699 525
910 473
953 633
432 702
671 496
426 658
108 609
11 432
527 97
160 185
617 389
14 239
741 148
993 38
836 673
480 604
316 515
671 896
445 328
455 208
673 88
590 750
216 310
865 325
312 875
280 815
286 176
98 814
856 55
727 483
682 721
415 283
475 864
929 30
739 125
254 558
523 422
377 110
186 290
216 352
36 358
525 139
458 325
889 827
587 100
52 443
649 44
705 572
662 243
424 679
979 786
902 783
286 620
255 450
244 633
47 391
172 545
190 783
139 358
466 895
744 446
999 592
612 647
40 626
994 81
676 579
35 743
83 330
912 259
117 451
646 656
226 822
790 557
736 32
628 325
163 837
67 192
317 280
530 621
803 19
285 434
181 249
698 733
804 675
601 464
93 992
662 507
990 698
861 249
79 563
232 344
853 476
771 302
282 716
113 421
6 475
995 846
606 541
683 774
78 61
243 373
923 823
396 629
735 481
775 263
37 265
68 580
337 500
809 122
640 774
791 627
803 861
218 731
519 376
991 481
82 244
339 296
332 933
2 208
551 833
29 762
155 317
633 364
754 481
955 176
824 401
774 308
175 144
940 400
477 217
679 900
709 644
778 742
577 285
468 783
932 41
837 635
996 136
232 823
412 169
148 373
512 346
163 294
142 801
30 838
773 53
803 345
150 545
850 108
588 542
305 536
901 142
7 366
12 413
503 509
600 494
305 498
450 673
296 713
803 409
61 682
182 216
989 49
758 181
942 643
585 583
615 466
975 38
261 990
637 390
492 484
52 228
565 910
829 777
548 578
780 858
834 330
140 935
78 857
796 572
948 341
501 482
679 523
977 993
807 954
887 805
578 37
256 683
271 373
220 502
547 906
834 416
838 750
664 296
811 990
321 169
274 875
324 240
487 964
352 494
480 855
279 74
988 745
909 642
451 619
327 231
549 842
563 50
497 644
692 393
582 62
225 410
937 304
340 232
625 320
794 853
779 336
327 283
290 231
441 648
574 313
764 120
787 733
151 729
159 921
650 206
357 856
204 366
555 550
233 176
422 273
47 580
875 162
258 449
127 689
637 104
151 883
841 428
619 919
391 639
632 936
806 39
806 563
226 481
108 345
655 772
913 871
942 707
878 478
131 728
774 895
56 709
399 740
620 277
611 573
918 790
752 379
771 713
342 296
483 976
120 774
469 461
741 262
30 403
174 644
596 958
940 398
520 624
319 828
863 579
996 846
621 283
960 357
673 257
689 219
606 438
829 280
260 332
342 416
525 789
999 365
237 718
450 730
347 779
696 838
257 820
664 610
419 627
758 20
506 365
944 235
469 956
494 122
620 603
474 374
660 835
334 978
351 840
803 821
197 897
90 878
902 128
720 39
875 460
303 926
942 868
235 661
286 726
304 807
415 957
49 815
590 408
555 99
708 273
477 550
363 526
431 379
708 269
556 724
677 288
760 585
121 254
823 676
560 323
365 825
734 115
36 298
250 819
777 621
285 672
279 384
563 451
119 793
246 735
684 177
758 467
933 830
247 59
274 211
659 226
540 128
513 535
363 84
172 305
706 4
552 697
461 652
329 245
221 48
961 405
369 152
81 195
943 874
432 481
944 551
44 673
871 644
984 420
456 287
745 7
865 727
964 224
765 111
186 585
814 496
497 884
889 84
363 314
450 396
388 317
1000 74
83 119
667 471
548 690
855 938
560 408
577 711
13 765
534 117
639 292
574 891
266 864
411 5
814 680
652 760
816 817
817 635
508 700
689 43
330 261
334 118
436 286
181 839
776 612
517 286
116 252
368 54
422 723
391 475
179 293
375 158
147 241
422 255
975 268
553 521
317 220
61 148
437 463
369 288
829 61
548 474
592 880
568 912
772 324
593 88
591 287
503 436
111 3
628 756
856 670
731 700
631 996
870 432
532 133
653 757
677 738
808 704
104 829
724 649
943 955
611 308
804 505
154 16
574 177
933 860
909 258
583 814
735 12
729 959
233 73
704 385
549 815
595 670
697 232
441 220
263 609
438 788
281 949
634 807
968 763
27 951
521 164
920 685
183 367
264 128
540 447
157 714
445 49
482 21
658 706
633 460
87 245
728 688
968 698
656 349
765 171
160 897
272 998
704 632
373 991
357 39
271 320
968 841
133 563
81 416
669 296
738 316
832 325
376 126
384 951
120 633
349 119
200 191
156 590
31 655
788 886
509 161
834 783
555 647
412 699
322 376
219 65
600 411
251 394
920 75
249 107
462 702
556 680
978 573
380 609
234 642
466 250
941 212
314 607
458 667
226 183
881 629
706 663
929 657
54 544
33 327
160 951
862 756
926 113
547 577
240 322
96 351
987 836
356 295
193 839
797 617
895 87
217 122
327 700
593 722
990 314
663 186
959 895
802 368
551 36
216 511
875 655
261 443
745 539
982 506
415 353
676 857
320 15
59 153
788 9
319 425
264 99
542 475
476 690
790 211
47 444
50 235
841 951
116 696
587 118
509 751
367 959
992 437
112 864
329 60
868 991
980 546
257 430
239 8
94 326
861 204
621 303
583 392
65 694
144 955
26 461
184 412
568 212
201 15
13 37
947 871
963 645
489 375
490 774
146 316
69 422
914 640
641 91
83 763
599 630
373 694
626 445
806 896
233 802
314 573
697 349
756 589
97 112
74 713
72 75
872 833
176 816
13 610
45 361
523 139
303 340
314 628
618 600
897 250
169 647
505 780
17 67
606 632
306 38
456 383
137 682
218 927
265 431
15 513
261 415
174 135
493 131
840 981
413 810
944 769
570 289
320 470
854 845
10 34
732 4
7 991
420 978
685 169
209 382
349 976
890 656
415 313
1000 269
724 34
538 625
41 434
941 393
832 572
513 621
392 455
398 743
176 588
545 899
174 981
449 429
138 423
297 206
251 221
567 921
845 269
174 7
677 154
984 694
485 914
866 379
105 79
288 806
475 901
967 864
739 398
216 334
601 563
108 767
88 657
7 835
472 565
842 445
241 597
505 486
999 677
784 578
780 93
710 605
649 662
647 660
109 385
630 404
670 99
722 817
162 559
783 991
904 181
209 841
732 413
125 716
949 118
648 493
646 410
433 972
965 557
292 675
145 947
475 265
645 990
662 496
937 538
992 372
533 479
701 235
486 595
907 830
685 426
643 560
999 377
734 512
305 5
695 696
293 37
967 157
159 840
900 345
868 542
67 395
677 187
164 681
815 881
389 539
791 263
624 221
929 716
652 710
142 885
145 166
391 145
775 437
746 394
967 320
943 79
427 231
845 751
920 755
554 19
660 457
12 78
379 559
558 748
430 758
349 788
11 298
133 528
138 873
708 402
271 406
541 42
989 709
960 282
365 275
968 313
277 183
139 831
471 405
517 963
425 225
593 622
902 764
435 26
986 108
126 290
175 988
308 320
883 229
534 955
274 232
448 590
820 599
165 572
175 474
804 463
624 552
427 190
29 77
580 154
370 761
993 257
162 834
472 202
986 142
626 556
527 262
551 655
791 371
935 346
839 340
382 585
440 258
719 435
162 943
356 592
927 878
429 810
576 730
992 967
162 160
428 194
927 1
390 69
798 497
887 9
836 796
854 4
512 412
173 412
145 165
249 519
914 370
367 549
717 626
653 432
94 822
189 505
736 368
697 647
540 639
709 519
649 901
839 174
719 107
275 522
365 792
886 63
523 242
695 529
168 65
19 972
670 227
387 981
425 451
298 636
929 974
348 260
839 400
939 77
552 371
951 570
79 7
652 342
768 455
319 343
227 19
615 40
82 531
211 474
194 80
782 678
136 125
461 199
731 836
863 683
574 949
799 899
672 902
10 154
91 812
726 247
415 459
930 52
407 543
897 805
187 485
39 698
46 243
742 938
44 491
478 504
53 397
690 106
9 313
523 519
866 994
638 564
99 541
604 306
689 809
60 11
48 439
783 330
431 750
846 951
667 364
176 98
184 774
479 194
896 259
234 783
198 218
304 681
403 376
854 263
267 552
461 490
401 526
384 704
313 542
377 35
210 135
38 189
523 747
89 592
228 265
962 727
984 561
434 457
395 690
650 45
640 512
290 766
262 224
3 427
570 139
965 458
309 252
583 182
712 527
847 560
678 511
12 108
576 664
779 788
144 657
398 374
755 903
96 622
246 232
528 103
443 29
670 29
795 540
184 678
869 759
465 371
152 346
547 949
479 780
83 878
582 860
601 896
936 93
440 373
277 862
499 498
844 172
905 733
100 329
105 536
122 461
245 393
769 652
859 212
98 179
177 301
897 18
897 551
168 400
187 930
476 749
442 764
762 157
113 155
470 663
853 346
948 32
952 226
67 838
568 242
138 314
760 624
207 944
217 40
639 842
182 423
566 515
127 309
622 583
961 511
87 592
853 48
415 119
112 381
395 877
808 273
896 141
64 47
586 548
593 800
214 695
875 144
300 411
403 800
749 116
603 37
235 904
98 25
723 479
760 625
234 815
86 826
764 623
590 671
403 758
975 438
275 130
447 173
13 468
273 295
915 807
861 635
752 202
804 226
973 882
794 614
734 348
272 235
960 170
87 209
216 83
84 315
576 607
490 616
418 925
220 708
526 781
617 547
233 189
142 507
36 238
272 965
28 394
62 535
337 507
447 916
17 116
638 332
820 21
720 355
137 90
501 470
243 201
270 622
782 981
315 453
67 846
219 846
474 723
476 740
207 154
408 593
908 470
649 506
980 52
678 563
401 621
716 588
354 59
340 285
397 220
746 646
797 450
292 596
436 189
621 451
852 640
986 302
894 55
586 107
718 607
166 20
681 546
653 202
217 416
99 534
305 137
415 591
153 401
989 292
353 323
617 590
570 779
744 489
959 681
234 318
639 64
989 448
309 364
488 368
809 791
221 548
16 389
262 254
522 433
824 51
388 556
392 518
92 774
731 408
976 285
188 92
541 535
150 491
474 84
707 376
801 303
858 128
931 905
386 402
205 197
183 236
984 247
366 834
216 4
976 224
362 589
593 946
566 959
125 958
711 941
515 445
346 586
521 376
223 817
177 592
769 255
209 161
766 924
20 123
374 894
392 941
128 963
909 935
536 827
100 27
893 294
379 858
259 183
538 792
275 997
691 518
675 948
269 143
872 761
29 999
851 953
738 198
304 697
477 445
689 888
428 642
806 651
366 325
547 997
758 144
432 149
529 39
976 598
410 60
925 325
764 908
619 530
268 688
6 512
237 210
675 189
299 10
303 846
50 591
246 153
377 926
292 476
292 242
170 990
674 888
308 647
570 825
548 782
662 600
124 746
757 362
299 622
92 85
742 55
579 167
370 246
654 922
420 894
552 334
890 861
837 609
564 424
82 774
931 834
641 627
816 122
497 606
360 614
763 712
165 652
820 184
873 79
769 802
736 659
663 382
18 131
729 309
485 92
392 779
635 534
419 586
73 259
398 490
155 98
89 413
824 848
97 829
681 43
310 563
521 150
890 321
769 76
967 790
489 690
773 518
959 437
397 942
798 963
452 621
501 996
725 484
71 565
79 469
675 918
408 760
312 179
719 553
700 588
968 73
873 838
776 569
1000 24
562 310
781 558
998 887
42 794
977 609
509 975
606 387
338 990
433 295
571 899
179 866
671 231
515 391
89 239
404 867
638 392
932 882
780 383
835 137
598 219
771 340
517 972
826 533
854 37
626 759
785 669
869 549
676 679
18 988
878 621
66 955
339 568
717 499
900 809
585 541
627 625
712 912
281 97
466 569
723 701
9 690
559 274
730 719
498 129
197 732
338 585
410 833
746 804
427 135
32 471
755 671
399 16
239 480
941 920
362 391
98 836
483 321
333 862
741 163
274 207
725 28
374 558
495 244
844 432
925 564
760 198
885 989
291 791
574 956
99 25
593 669
406 171
800 713
301 554
299 484
813 246
823 465
599 776
830 787
915 488
810 627
662 119
323 615
952 77
495 22
254 575
262 885
957 14
218 687
460 543
46 704
856 636
797 723
882 160
252 65
834 343
497 90
944 219
305 770
909 228
227 192
610 568
775 258
992 299
587 673
606 14
432 330
551 712
363 887
433 890
438 338
239 841
443 659
399 767
847 56
418 211
374 156
845 146
561 671
548 261
229 919
116 327
772 343
661 512
3 672
227 465
909 545
347 953
369 925
490 83
797 83
481 270
385 412
147 860
191 779
637 919
669 365
798 353
698 978
467 97
97 844
144 914
560 344
487 369
129 754
661 155
630 412
36 389
560 65
604 196
402 306
106 227
273 535
393 967
862 973
116 203
598 230
344 373
472 814
441 953
153 318
425 27
492 567
396 606
603 602
375 809
857 156
439 917
874 955
520 142
635 24
820 249
259 310
562 144
886 148
351 872
5 887
937 243
128 972
205 888
703 564
782 815
154 656
960 876
851 49
51 976
198 102
853 207
129 515
11 507
31 227
871 659
556 872
819 288
743 951
79 458
358 707
789 426
16 204
35 78
419 505
555 628
488 428
280 175
156 447
912 446
943 957
243 649
686 255
260 76
20 619
964 647
184 943
767 299
110 229
191 147
641 699
195 393
84 676
127 283
983 863
973 125
660 865
985 72
630 949
24 765
513 298
866 364
834 74
782 198
899 618
386 759
853 263
482 782
959 603
791 995
790 913
559 308
214 150
206 387
169 849
181 763
354 44
247 510
239 576
460 54
232 126
974 688
802 293
198 704
247 442
507 380
229 509
253 507
461 567
614 239
141 107
146 289
322 576
720 151
130 708
165 916
945 51
772 952
935 502
197 571
974 305
493 53
552 258
935 531
516 301
896 198
923 207
204 669
338 379
146 110
720 865
533 769
589 698
750 498
731 925
243 642
893 573
751 859
972 800
657 619
718 477
898 902
813 556
789 336
367 421
949 369
920 630
773 984
350 142
732 481
568 881
207 789
633 343
332 958
826 530
219 605
545 792
477 290
944 258
304 812
573 625
656 622
656 268
736 497
27 357
117 447
714 124
194 623
622 708
498 629
148 301
148 614
48 706
823 461
764 162
485 596
805 636
538 955
474 988
524 936
83 180
215 317
943 553
376 779
203 256
332 448
790 774
453 294
114 303
753 957
498 80
405 361
660 256
536 331
731 917
106 381
718 509
453 63
460 264
743 135
346 940
189 335
635 357
44 854
52 512
765 727
360 221
544 232
425 304
816 255
81 307
477 924
627 768
556 268
264 431
621 837
204 952
425 106
5 664
359 897
432 987
790 343
243 519
431 228
291 365
934 151
295 514
690 406
318 182
191 345
624 508
751 807
845 976
118 205
784 738
715 449
659 428
204 780
599 828
751 738
952 999
889 483
441 718
646 305
869 116
752 68
799 378
823 183
7 789
27 227
269 927
195 987
401 405
20 851
920 602
410 176
754 970
906 920
835 558
346 229
515 473
566 241
649 786
778 405
453 630
352 974
406 849
757 735
753 790
461 712
704 75
339 398
714 554
427 802
530 958
328 123
640 788
908 385
132 620
562 165
647 807
127 123
469 816
339 804
320 624
755 986
356 647
250 492
49 966
181 727
577 916
56 898
402 184
190 441
647 451
620 778
302 783
773 172
422 120
77 739
912 532
81 793
120 187
663 901
522 78
735 365
612 540
879 950
799 772
373 341
990 861
443 599
33 582
305 104
743 899
844 7
652 525
773 130
275 873
410 614
329 352
342 618
270 208
909 393
217 49
363 744
278 463
386 953
809 688
794 882
204 732
32 479
578 791
603 381
379 62
2 778
407 52
900 257
556 195
99 482
256 564
441 324
893 48
659 544
655 658
306 991
475 506
695 449
927 525
978 845
755 593
931 727
674 858
948 29
900 298
10 854
941 877
817 938
282 499
849 591
659 620
803 872
795 482
616 632
818 320
827 152
15 62
794 802
12 22
575 258
318 867
513 257
654 229
609 940
767 976
18 332
668 628
430 366
925 487
178 187
755 820
331 888
72 113
87 58
302 740
950 972
335 824
596 572
913 451
133 655
283 630
447 437
501 554
444 804
279 625
966 169
982 320
882 628
333 173
38 249
837 87
163 917
803 109
25 794
720 367
945 737
104 142
17 268
522 138
74 902
679 348
752 561
247 10
68 177
235 300
533 606
286 739
788 82
211 615
91 202
632 754
629 312
500 323
915 553
988 65
14 893
969 805
115 5
948 851
769 143
104 351
296 540
437 669
173 443
738 643
217 188
223 482
457 867
923 518
648 328
454 923
12 625
791 221
741 924
204 440
129 64
52 560
728 353
701 366
602 29
516 338
980 735
892 742
92 99
488 981
906 147
408 865
689 335
554 719
932 333
838 167
820 677
561 751
83 110
95 179
36 293
88 68
403 951
588 681
510 27
64 276
667 713
557 862
939 989
121 476
649 971
86 887
364 659
908 423
726 257
356 377
697 517
933 868
869 641
263 185
435 31
73 956
653 239
963 992
973 561
922 827
35 75
339 10
742 669
871 352
349 207
21 165
837 347
828 188
223 842
612 560
213 205
326 328
31 615
981 1
14 1000
102 915
779 475
641 963
292 133
558 740
515 294
299 467
432 37
135 416
773 100
720 611
11 820
171 693
254 600
878 413
745 470
155 816
138 827
387 69
222 916
757 772
947 579
401 382
206 641
874 301
589 941
370 296
105 539
33 468
879 444
435 398
384 666
815 663
598 337
475 716
266 501
718 163
450 768
595 415
635 277
659 186
892 638
242 493
886 714
196 587
40 633
863 606
84 721
346 73
773 84
894 129
359 970
762 256
947 285
591 583
112 229
533 345
373 299
56 635
437 812
544 85
520 544
30 656
541 501
645 407
172 551
514 710
411 553
837 98
63 780
409 27
417 756
462 946
192 530
521 736
567 283
395 427
370 632
251 667
94 348
631 763
25 388
894 728
790 456
359 500
490 77
338 911
6 128
483 758
257 823
717 831
437 455
487 302
847 271
932 13
777 558
328 499
863 278
685 971
221 742
451 623
783 949
83 816
78 222
422 989
306 207
730 265
181 681
249 983
36 825
655 40
154 940
327 474
781 459
708 94
985 655
581 412
309 578
218 399
454 564
182 354
176 684
351 529
892 298
317 116
92 741
745 504
84 332
909 688
290 490
45 781
82 698
538 173
115 383
830 461
485 584
740 888
446 365
220 530
408 941
463 945
219 814
678 9
695 719
412 490
672 380
407 270
465 88
181 510
724 91
262 374
418 791
758 117
378 489
325 457
321 973
324 278
449 550
44 281
701 252
319 708
883 888
247 252
949 256
263 750
719 41
364 313
825 733
151 476
567 978
98 248
231 324
627 498
888 200
206 77
886 529
140 49
679 795
117 599
86 451
882 722
978 509
155 480
81 410
951 895
224 33
661 877
702 383
837 576
887 916
615 696
830 760
427 257
732 416
210 858
52 605
221 737
637 5
861 463
582 347
208 284
637 482
321 63
453 830
378 708
568 251
683 67
941 939
708 185
415 583
811 978
734 569
417 345
741 275
468 94
881 164
809 133
750 810
400 289
438 473
806 487
212 406
204 766
300 467
363 336
207 513
255 486
821 476
257 577
565 871
27 741
258 764
932 650
378 721
430 787
591 838
136 743
705 717
483 583
284 813
801 435
660 383
586 219
12 879
875 361
602 301
241 822
408 277
330 466
194 68
499 581
335 940
682 883
682 609
348 479
785 546
332 628
436 635
492 739
555 617
45 427
931 899
991 225
893 442
32 910
39 678
750 20
46 639
789 948
22 422
739 709
744 498
564 229
521 679
26 10
43 275
323 696
156 687
795 239
264 388
293 468
835 177
362 504
167 703
219 239
677 110
392 828
98 802
663 271
324 56
330 501
964 760
961 248
768 761
157 612
514 373
620 40
379 470
796 723
82 898
695 578
980 932
459 516
960 497
778 745
750 371
692 542
39 675
599 143
659 221
227 100
462 755
782 729
696 509
359 464
846 32
431 906
190 573
114 82
934 302
790 686
284 104
904 783
706 518
468 103
606 44
264 813
795 441
328 753
891 528
174 892
324 147
174 566
979 199
167 87
111 794
763 355
468 901
872 690
2 161
802 77
777 336
199 63
950 74
613 401
131 474
748 63
167 347
893 959
929 670
320 483
420 18
77 642
849 113
156 746
931 602
201 215
815 334
726 973
918 57
856 480
544 288
819 168
943 584
500 181
687 944
362 164
167 980
129 548
986 690
380 951
310 865
304 629
981 572
928 474
572 498
233 575
781 199
201 494
706 1000
882 157
709 873
268 803
155 539
115 632
471 422
963 209
239 621
19 50
403 619
472 864
689 256
53 248
312 840
326 64
876 40
100 659
145 908
446 379
870 572
461 951
692 690
406 843
330 595
987 211
902 187
914 778
125 317
948 873
675 551
156 410
604 936
413 377
430 167
342 503
543 677
7 323
899 804
597 303
873 392
849 230
934 154
533 323
275 557
260 840
341 680
220 314
364 835
787 270
45 452
489 44
243 54
380 237
943 671
26 64
181 668
704 646
975 122
11 273
355 876
930 964
6 495
440 918
857 207
62 100
664 313
44 88
608 99
529 545
855 457
186 675
726 501
436 654
142 543
552 916
514 39
821 995
819 83
29 967
920 652
903 49
775 501
911 352
289 140
707 45
201 816
55 726
776 979
534 950
569 741
461 385
399 617
373 115
284 163
932 9
923 919
221 709
445 61
14 328
958 935
630 743
135 584
372 473
486 302
97 541
112 857
507 991
191 368
169 551
483 441
135 47
205 649
45 606
652 501
427 679
43 264
622 428
758 570
49 497
585 468
407 256
32 404
881 975
427 739
430 321
699 896
571 80
377 419
208 841
674 842
597 608
43 833
335 32
331 986
522 325
506 633
871 819
439 461
32 477
119 960
843 924
716 448
693 903
681 781
379 327
451 514
687 180
368 32
804 51
746 870
597 716
233 914
947 614
44 945
88 695
617 336
374 610
975 591
800 127
387 71
160 52
425 578
773 541
908 262
489 930
109 920
115 61
615 775
747 64
416 252
320 754
376 81
644 574
604 103
375 239
41 934
661 736
694 659
228 191
292 244
842 653
422 158
534 808
74 863
188 45
538 217
815 898
75 66
39 657
926 17
803 340
286 230
159 897
405 524
857 413
441 235
503 291
358 368
264 493
207 734
487 151
250 178
768 481
300 647
396 691
979 209
258 495
245 891
913 272
87 632
120 847
721 495
278 260
186 136
867 171
71 217
327 41
836 612
648 440
831 105
319 507
934 523
272 62
583 558
55 678
167 255
122 949
356 851
287 956
614 516
616 852
177 11
630 530
329 735
720 859
558 697
405 97
600 306
728 672
765 154
467 618
375 806
844 790
622 208
566 165
234 659
530 644
440 930
575 8
326 464
943 119
785 583
186 999
486 998
488 379
229 688
793 664
576 200
813 323
945 203
923 127
100 896
192 567
266 397
334 909
362 88
54 584
442 787
196 391
226 214
995 254
990 796
807 377
412 921
586 926
401 600
208 743
804 512
715 291
484 185
402 673
694 29
567 602
997 880
547 526
339 43
565 615
589 652
815 323
224 343
388 8
474 627
703 166
945 254
318 337
347 899
667 298
31 787
416 99
648 958
85 463
835 691
527 346
273 801
122 517
284 477
649 427
817 92
232 162
506 461
193 661
755 747
885 982
334 968
36 713
806 672
989 519
201 898
61 812
963 693
412 575
271 238
574 357
516 727
746 176
594 197
76 976
133 635
226 560
460 412
938 636
385 683
105 435
665 136
855 432
260 358
481 937
85 522
220 407
596 498
803 720
502 651
303 96
545 29
673 626
944 719
615 914
678 324
251 653
336 732
963 925
133 303
708 599
916 541
275 431
362 485
279 485
621 315
883 875
175 49
305 870
796 197
460 959
675 296
335 989
465 201
400 798
506 319
65 539
432 446
815 869
911 565
374 182
591 921
761 512
310 152
226 405
602 969
909 795
342 904
969 316
787 336
601 705
424 553
982 170
928 692
678 232
587 933
422 116
697 309
750 470
924 254
223 943
384 828
682 857
218 712
849 519
792 398
177 73
304 714
435 257
982 391
432 843
765 106
58 134
75 260
822 906
359 280
747 251
690 410
35 41
546 386
15 53
823 474
758 853
571 621
250 917
943 186
794 599
396 754
697 429
193 796
908 553
19 500
938 21
277 993
33 460
408 134
513 157
177 845
984 154
228 588
45 435
327 344
223 594
402 715
30 965
713 367
644 169
481 9
84 433
216 258
460 274
850 426
907 726
499 442
145 747
732 751
342 427
484 2
767 533
506 31
676 801
146 637
465 610
860 890
553 788
810 608
18 283
126 344
293 671
459 418
319 838
525 930
348 140
863 933
868 982
355 999
619 240
419 743
184 516
998 146
677 637
256 518
927 312
972 958
359 68
925 71
172 567
687 847
15 633
405 806
405 181
268 492
1000 407
623 989
88 636
669 591
752 421
7 374
892 739
743 51
882 869
781 79
721 483
545 301
361 681
969 17
557 847
605 412
726 29
928 132
66 877
335 607
613 589
74 450
76 679
538 952
948 106
947 679
138 979
92 308
638 637
991 295
438 71
850 351
147 279
353 407
725 954
889 381
574 271
513 179
32 40
911 711
569 159
663 341
76 320
234 187
775 268
468 608
555 728
16 377
335 67
885 268
81 421
50 753
874 168
133 328
996 118
414 976
393 945
554 897
798 760
941 317
133 407
779 669
462 453
846 483
125 195
992 884
68 97
289 268
401 960
284 856
407 604
407 768
1000 966
648 43
232 520
755 229
375 937
380 410
376 39
577 410
873 65
806 640
749 829
963 666
336 985
24 87
768 404
377 538
58 814
39 71
773 372
839 232
369 138
652 502
582 397
146 300
546 510
342 151
268 312
974 928
204 219
314 910
319 176
716 510
862 649
203 279
407 465
275 983
97 15
122 986
40 486
165 957
894 186
69 789
453 636
670 384
239 227
467 311
858 993
146 664
623 382
286 586
648 103
967 524
681 352
85 840
287 978
277 105
174 865
966 768
932 994
360 805
660 602
373 723
228 167
76 594
673 408
812 377
72 556
932 59
863 853
518 889
31 285
112 652
27 184
82 74
968 308
580 784
979 70
271 376
699 498
333 746
974 583
165 623
409 160
82 213
715 307
762 188
605 511
803 483
353 948
851 828
77 518
253 385
620 249
234 568
690 873
157 917
867 980
438 783
941 986
294 35
551 588
864 131
549 547
782 743
102 893
137 410
177 838
762 595
71 351
730 784
802 575
969 470
544 943
277 763
246 577
429 575
931 99
941 990
701 450
340 708
217 314
701 958
651 83
603 812
764 478
319 501
835 4
445 14
434 891
296 689
234 918
904 554
384 32
143 92
561 880
884 22
178 103
632 627
413 641
385 777
743 781
666 239
761 861
906 715
730 480
208 543
2 968
573 725
514 723
191 526
950 50
204 551
891 102
614 582
523 356
541 429
514 33
969 83
657 298
855 449
733 359
787 832
560 369
115 24
105 962
330 19
313 392
971 255
916 257
521 299
705 910
779 488
157 723
187 508
839 880
241 215
727 233
289 809
201 318
340 630
22 32
936 788
612 571
538 758
984 431
249 144
311 730
763 840
617 85
289 249
203 750
900 256
139 348
255 579
234 310
720 780
565 710
999 68
969 702
919 939
911 227
255 68
480 183
221 774
270 172
951 100
236 977
948 235
670 436
905 596
117 502
706 699
60 422
258 182
646 14
662 473
676 326
638 848
95 998
934 347
632 845
557 112
86 625
570 36
445 216
241 834
134 394
165 966
488 569
461 473
700 394
304 522
586 788
606 381
785 905
397 859
342 592
311 279
982 266
264 484
150 499
962 136
335 392
814 582
630 962
909 829
337 513
951 634
445 868
723 803
442 272
971 850
263 323
202 54
380 933
695 148
890 333
720 535
544 525
497 584
503 625
497 963
834 739
560 804
125 373
646 682
91 93
809 150
1 215
108 171
97 957
204 793
237 927
661 298
770 846
517 195
932 49
664 60
464 125
277 691
117 232
495 45
139 624
417 231
214 755
142 909
6 177
426 720
229 896
638 655
241 685
764 294
809 930
535 346
614 589
533 411
538 725
151 689
910 63
650 52
429 877
557 124
534 732
720 136
917 985
397 342
193 990
146 555
504 912
171 675
701 213
878 839
564 976
528 102
752 898
124 784
87 172
175 616
609 453
987 403
273 424
585 597
41 920
441 353
602 413
593 884
828 479
957 964
468 158
271 523
968 211
223 60
21 769
170 757
900 710
233 730
319 453
531 496
825 518
357 579
556 780
40 202
186 40
284 37
819 181
782 683
677 746
794 317
595 523
397 781
613 148
667 215
793 55
507 66
4 419
463 4
518 441
234 994
174 99
45 535
837 992
253 517
622 981
360 507
615 516
643 566
613 547
643 819
646 508
546 612
187 963
692 47
531 657
916 688
32 625
315 258
7 547
962 475
800 799
348 799
956 362
445 547
410 776
745 552
585 439
447 385
589 491
610 271
497 866
380 981
301 721
268 574
473 536
586 30
646 168
654 960
978 586
219 585
862 389
465 593
431 562
706 402
727 258
838 228
470 184
912 445
677 579
120 114
377 146
649 877
866 872
551 501
292 364
379 525
289 741
524 653
77 571
160 251
8 387
972 755
727 940
265 614
172 443
938 43
964 848
364 711
180 970
598 898
812 165
496 493
546 933
269 162
870 956
147 387
800 962
139 151
828 546
345 123
318 976
55 362
16 915
205 108
565 139
890 747
105 949
269 880
766 134
901 401
370 571
553 456
608 938
789 112
808 482
912 599
572 424
818 580
150 663
250 19
989 174
158 283
715 794
627 751
518 127
652 699
567 390
872 181
745 269
412 777
412 818
237 83
176 359
971 364
614 261
514 699
558 432
897 923
457 524
539 669
612 496
182 569
915 846
229 278
430 958
664 279
322 27
860 184
556 193
892 194
228 943
645 205
997 725
193 268
110 933
376 400
743 261
430 673
114 249
567 484
474 679
10 315
638 426
71 842
707 133
285 9
658 622
825 67
495 732
903 602
229 589
351 663
165 870
837 188
107 599
906 295
827 855
640 313
911 925
108 549
405 796
716 451
617 574
196 448
390 551
702 415
928 404
229 997
442 508
424 575
885 114
760 904
14 209
931 923
683 419
327 411
606 377
272 619
452 721
609 417
271 14
915 667
300 307
970 211
393 878
178 40
626 530
339 205
214 693
13 515
379 17
156 189
465 988
450 91
102 354
259 756
661 832
342 31
576 177
618 256
590 635
653 311
556 396
216 293
42 290
393 576
378 531
254 107
869 135
896 105
876 1
256 637
425 992
671 346
779 714
909 456
673 434
800 448
254 495
312 44
906 772
612 230
338 257
560 819
696 33
188 973
123 633
341 154
585 443
302 797
515 524
732 293
700 118
737 573
633 523
501 255
692 648
521 513
798 52
510 893
881 717
657 698
233 420
266 531
352 134
267 59
402 311
950 901
578 160
963 816
129 882
186 720
215 334
402 14
95 559
329 467
73 144
103 891
14 530
322 802
928 624
535 687
420 572
791 711
371 354
803 329
175 647
471 782
95 791
438 638
851 372
339 481
154 883
316 902
578 711
549 650
610 726
693 888
692 492
403 465
991 811
765 687
43 806
627 266
931 656
327 152
193 870
927 369
678 159
301 254
215 881
345 276
517 681
830 910
378 921
405 800
487 56
429 987
242 563
592 279
82 13
986 924
880 942
190 954
939 522
294 703
787 264
29 192
610 536
377 417
569 854
655 557
235 500
651 417
90 841
67 861
232 803
197 838
207 19
206 757
765 635
589 915
602 930
208 44
205 16
780 769
832 488
473 958
667 361
288 984
389 585
901 674
552 374
658 751
337 276
947 463
156 653
77 49
296 312
893 922
185 921
689 629
338 706
615 617
985 581
857 876
288 866
676 310
523 744
546 76
178 896
776 872
979 744
277 295
830 281
667 489
976 346
187 877
433 168
603 584
893 850
108 496
839 293
491 187
78 634
590 485
747 409
424 568
888 296
714 454
837 985
477 317
987 487
675 906
565 386
138 263
582 758
812 862
370 202
176 22
737 947
233 626
465 64
385 52
333 578
867 66
232 186
818 664
255 209
277 340
430 529
123 274
889 717
333 913
419 946
888 762
875 157
497 575
156 134
707 911
968 520
45 917
986 965
484 620
537 612
908 339
772 915
849 669
196 459
493 279
240 435
934 55
659 843
790 382
955 249
979 497
995 724
575 432
964 339
45 233
525 839
234 765
514 149
159 381
305 583
775 199
292 679
837 233
185 116
560 983
90 598
555 213
349 236
642 370
577 788
98 29
761 242
910 44
714 793
771 705
904 734
579 356
515 212
587 622
186 413
384 227
335 722
424 348
726 750
431 551
505 473
792 595
773 867
542 124
35 183
653 786
517 864
85 277
732 61
858 148
542 410
299 481
625 786
698 738
466 564
524 244
659 152
130 121
67 845
185 211
726 350
339 505
122 390
606 736
116 733
73 707
939 744
984 931
488 28
685 95
313 692
298 240
195 387
546 595
575 907
202 781
643 585
554 169
981 760
665 772
334 631
619 139
958 668
964 596
173 793
932 95
398 929
960 114
319 889
985 208
66 566
692 805
411 66
625 143
443 687
310 246
26 447
321 507
141 408
907 64
486 543
464 662
942 918
783 982
991 535
172 55
920 801
961 432
942 192
728 512
798 395
958 49
90 91
244 58
815 205
911 3
687 350
402 506
4 474
653 807
693 621
762 134
217 273
790 853
561 750
712 633
827 423
809 62
448 892
177 258
839 542
251 380
93 942
279 471
61 467
326 198
343 283
365 585
252 331
681 130
372 446
353 729
272 790
313 378
458 576
180 649
992 525
180 176
696 754
995 406
526 971
198 531
324 327
216 991
924 187
700 521
82 611
537 516
209 861
778 773
859 476
595 547
194 171
880 983
301 523
926 294
798 683
420 916
394 261
714 166
671 585
158 395
10 386
24 459
54 403
848 932
89 471
12 207
679 821
845 876
15 530
43 245
643 703
706 397
537 296
843 842
886 449
884 764
475 690
552 290
92 619
872 454
621 333
832 786
165 428
587 279
925 107
442 717
55 669
769 538
137 792
810 137
686 672
16 822
79 212
871 546
512 874
570 236
477 665
514 378
271 175
957 31
985 378
895 345
770 254
106 952
874 650
267 757
194 572
238 423
87 534
852 999
388 748
89 350
175 931
754 654
967 22
166 752
961 60
346 480
449 963
213 544
482 244
742 570
617 99
282 402
274 845
728 49
559 50
326 388
941 885
66 539
528 591
527 7
484 41
319 624
948 541
519 694
52 621
119 968
81 914
577 90
106 274
422 249
28 274
278 536
520 941
314 871
46 863
291 720
682 164
639 33
522 964
517 863
111 154
631 142
713 846
683 842
188 560
608 200
915 498
809 113
558 391
355 861
229 339
724 891
97 185
466 893
886 701
637 279
66 989
74 506
40 884
960 206
996 197
555 756
988 392
853 602
171 138
994 110
818 173
949 134
293 310
210 725
673 797
112 559
830 782
255 433
831 508
453 945
977 537
739 806
692 3
274 698
36 173
403 225
679 776
642 716
123 897
157 125
438 117
183 268
622 351
693 986
282 527
891 621
807 444
127 424
117 149
48 811
405 827
115 804
111 415
971 407
737 506
277 848
131 813
496 813
27 723
819 302
924 347
190 658
487 521
406 11
206 744
895 878
875 475
907 338
939 909
319 287
571 242
982 613
343 138
222 75
738 250
939 678
293 38
493 719
387 23
997 735
957 338
1000 737
353 462
558 15
85 175
448 381
235 919
491 507
716 459
418 182
561 970
994 531
519 861
272 488
440 527
93 712
428 814
386 808
583 874
490 912
819 924
129 219
333 351
618 438
245 992
504 472
758 679
861 280
366 648
598 82
921 367
475 466
253 597
853 716
281 685
737 767
837 733
753 80
585 797
480 551
227 653
149 417
220 975
929 170
855 342
767 432
259 683
59 440
141 330
754 902
534 422
616 156
758 789
416 801
955 220
479 481
408 42
95 407
747 274
250 216
361 376
181 326
216 801
324 74
942 616
412 899
315 503
162 737
575 26
450 176
142 714
383 849
543 907
262 515
728 329
992 805
232 589
54 620
747 157
406 283
475 168
979 413
460 788
733 65
514 265
381 27
896 10
730 398
845 346
372 837
549 300
93 253
374 549
684 808
345 326
455 945
990 412
799 816
665 733
585 630
19 443
588 865
827 744
47 45
284 732
750 22
900 600
360 50
995 554
830 395
793 606
885 38
669 24
994 219
991 525
320 571
630 925
622 560
181 308
834 547
583 142
760 349
307 507
934 484
256 541
319 519
311 205
726 972
590 34
153 821
876 95
929 460
160 399
951 250
253 995
724 122
76 18
1000 523
31 429
758 747
871 872
209 465
990 96
327 528
925 93
352 489
489 222
328 263
626 784
931 40
740 746
105 796
188 792
556 328
956 234
120 362
371 964
190 106
892 752
797 960
956 399
353 578
242 827
528 351
468 545
638 98
138 756
925 957
439 485
147 465
420 363
302 395
443 874
134 958
310 917
201 59
420 962
661 75
127 13
616 769
390 271
167 448
778 800
564 914
38 984
164 334
927 892
73 321
506 327
292 673
164 73
983 318
304 338
600 324
930 458
944 608
945 879
357 725
362 867
717 772
145 518
640 771
670 454
441 76
699 388
698 262
565 33
193 246
932 959
10 700
701 54
590 48
163 842
923 85
944 688
336 583
126 151
547 850
673 605
564 894
406 25
461 514
432 935
343 146
435 560
953 311
105 852
775 187
565 14
420 566
509 345
364 548
368 371
202 31
213 11
790 472
318 733
732 602
829 552
934 7
782 559
524 771
895 922
911 389
515 761
594 550
241 529
748 99
811 407
247 374
73 727
839 414
894 748
571 69
584 25
555 108
398 499
965 314
245 703
830 917
727 554
598 365
907 54
772 109
928 83
388 880
167 967
854 99
527 551
440 591
242 286
692 926
414 390
958 847
7 353
269 245
140 274
556 124
967 840
747 666
665 64
691 717
708 923
710 823
214 895
30 256
990 38
556 733
68 37
718 249
783 841
140 915
84 589
886 82
561 691
554 599
565 70
590 240
472 649
452 360
284 364
22 716
957 28
322 60
390 230
766 449
259 393
120 99
799 979
255 367
60 6
308 573
140 590
143 954
486 502
97 962
154 349
32 610
923 716
173 504
811 324
117 539
370 111
824 264
38 176
549 995
320 225
307 673
820 23
282 447
978 628
346 882
180 585
989 294
105 661
814 329
278 477
818 648
547 117
674 114
980 80
419 495
928 435
65 380
956 709
534 158
593 941
985 690
673 454
242 769
133 778
806 759
883 17
260 661
645 490
1000 587
770 184
558 416
8 151
46 271
535 31
692 688
141 683
381 970
640 62
418 919
763 404
946 21
880 375
884 368
733 663
129 943
658 212
905 325
955 579
901 125
832 748
196 999
493 957
424 35
8 416
450 467
274 229
944 678
281 712
493 342
989 59
123 4
34 155
341 196
79 104
114 780
28 985
854 319
458 724
242 732
746 236
362 230
936 691
29 730
779 267
138 905
571 158
570 550
437 946
135 81
835 619
280 768
607 341
621 557
153 918
737 742
660 560
497 799
44 174
412 106
633 144
878 451
787 569
198 481
586 440
979 512
187 351
79 413
103 64
220 289
145 963
98 245
999 318
498 729
967 522
857 37
405 18
194 724
516 591
776 541
50 681
221 951
918 414
260 884
712 721
598 493
316 299
121 660
791 846
830 246
786 540
819 126
450 284
575 297
623 396
329 536
199 989
595 469
398 230
769 501
877 150
737 100
608 619
648 666
665 364
411 701
608 331
771 196
880 100
646 319
445 572
702 924
323 617
691 747
39 665
526 17
366 459
943 215
719 152
168 695
249 291
685 927
460 186
290 454
360 650
757 901
860 473
290 984
468 6
396 647
134 677
158 987
281 227
644 759
110 850
922 39
183 759
555 447
190 784
329 328
51 968
72 832
211 612
244 405
974 64
123 39
85 697
501 365
575 745
424 253
268 483
999 513
113 956
257 71
790 493
137 10
728 62
36 821
277 57
716 175
453 950
915 385
954 868
889 808
136 50
349 252
412 780
821 130
325 112
70 852
816 601
188 176
715 746
83 943
1 948
511 959
388 395
304 549
7 359
242 635
380 808
71 555
905 654
14 527
288 25
527 893
52 26
289 347
294 992
628 624
449 955
698 549
432 743
485 271
608 307
363 295
210 276
994 611
518 358
345 329
495 588
680 354
123 787
776 263
263 916
893 302
840 772
517 376
336 25
894 988
724 612
435 767
832 889
647 335
52 975
228 833
31 380
951 343
782 290
966 825
213 47
935 112
75 919
18 786
262 179
968 197
971 37
736 319
883 622
377 972
840 124
724 455
300 167
895 941
69 749
645 730
576 314
745 514
543 376
628 220
641 142
476 247
229 887
261 941
740 484
183 446
850 457
862 953
556 98
475 923
192 311
35 549
420 260
527 619
153 982
589 5
740 770
403 500
739 850
240 199
13 220
308 622
544 500
546 362
612 814
378 157
87 70
189 27
724 704
317 777
77 675
406 436
28 611
837 906
500 234
756 886
420 269
526 796
841 271
737 980
858 532
49 411
690 574
684 452
585 579
645 240
768 688
256 933
802 514
507 373
497 579
467 272
300 782
132 190
359 242
813 335
327 248
71 483
31 221
384 953
18 790
953 972
835 880
865 566
952 966
169 841
28 171
296 315
427 302
868 824
348 928
907 188
635 887
133 289
834 156
540 390
897 736
547 75
248 462
392 628
392 806
949 107
527 872
891 381
971 772
768 572
343 893
127 137
641 838
691 737
941 654
498 521
386 869
677 90
755 466
743 21
828 132
110 647
355 91
75 570
703 74
987 133
188 599
544 611
109 481
443 677
334 742
29 181
471 792
385 38
872 711
81 177
575 206
355 311
8 561
16 794
636 367
91 657
403 906
776 955
205 605
281 136
994 91
337 319
591 925
446 771
872 186
670 43
304 568
248 136
604 996
990 98
285 400
423 593
714 501
199 231
595 785
711 97
234 749
723 636
145 229
190 593
516 412
959 391
990 911
395 47
983 3
776 915
527 238
532 980
92 438
356 355
312 662
350 288
774 275
934 35
147 845
894 672
378 304
367 116
945 269
815 963
319 89
625 900
73 612
72 890
285 154
107 843
934 755
883 308
829 387
879 480
655 758
100 455
10 979
666 414
561 666
315 969
607 631
979 380
813 95
179 663
177 208
76 284
970 260
698 792
754 56
940 265
463 129
921 157
690 818
431 552
222 540
358 629
215 416
370 767
732 157
237 91
930 858
168 775
316 435
281 740
223 906
149 600
159 483
5 574
147 897
854 217
578 11
228 473
793 686
843 566
893 769
484 613
567 830
121 1
717 690
170 818
835 369
121 203
650 784
621 394
15 888
682 367
579 448
418 999
661 488
525 69
414 273
330 864
557 830
646 565
315 265
359 843
806 41
971 305
628 550
204 208
401 469
689 123
413 532
477 767
788 256
169 354
110 561
927 303
977 777
280 952
720 82
619 391
263 644
271 4
648 12
267 72
813 413
174 849
871 392
800 484
401 22
682 264
253 922
574 456
167 310
256 757
734 798
260 637
102 855
200 124
165 335
743 202
118 23
714 487
540 815
674 116
102 12
74 676
126 484
915 883
888 869
165 969
898 121
191 241
812 186
274 718
38 79
891 814
940 758
381 427
764 81
729 233
128 965
527 94
149 553
43 391
1 634 633 240
2 447 725 410
3 922 919 972
4 606 870 896
5 88 9 237
6 482 149 361
7 373 355 827
8 640 590 395
9 855 264 878
10 784 404 502
11 4 202 544
12 787 444 549
13 990 380 106
14 440 674 677
15 875 792 68
16 208 752 3
17 699 997 834
18 365 139 0
19 596 491 239
20 206 179 913
21 150 476 154
22 524 998 126
23 615 434 799
24 203 858 426
25 648 13 692
26 852 337 707
27 381 437 805
28 525 611 552
29 523 783 404
30 968 454 314
31 177 491 393
32 943 114 788
33 145 595 990
34 248 715 346
35 343 645 800
36 60 715 56
37 808 219 287
38 94 592 621
39 426 364 154
40 606 677 908
41 746 451 741
42 530 870 486
43 899 300 847
44 277 504 500
45 446 256 162
46 996 716 792
47 92 967 12
48 391 52 558
49 702 655 8
50 985 524 37
51 183 837 538
52 255 493 474
53 418 420 389
54 699 631 743
55 305 58 986
56 478 925 415
57 372 742 510
58 463 698 275
59 482 534 755
60 477 546 183
61 581 473 932
62 582 538 40
63 23 781 968
64 675 385 476
65 983 36 130
66 324 379 381
67 216 39 137
68 587 101 285
69 335 48 544
70 0 317 511
71 172 782 662
72 816 897 571
73 561 444 793
74 887 276 661
75 496 453 263
76 496 571 761
77 898 567 131
78 792 783 430
79 821 378 811
80 566 831 177
81 3 391 6
82 949 355 859
83 143 12 455
84 525 170 146
85 867 833 370
86 224 965 757
87 244 437 787
88 751 291 255
89 719 871 201
90 599 120 739
91 869 678 323
92 142 965 716
93 475 538 915
94 130 384 898
95 700 888 540
96 959 18 265
97 314 688 339
98 479 679 972
99 226 592 242
100 460 113 437
101 335 2 255
102 878 715 298
103 589 966 102
104 529 700 947
105 728 761 941
106 522 82 577
107 584 116 466
108 10 171 308
109 479 229 336
110 406 4 173
111 289 907 927
112 898 336 348
113 736 8 103
114 672 232 208
115 91 536 31
116 62 952 84
117 429 728 507
118 999 427 818
119 510 14 101
120 957 990 403
121 443 266 688
122 333 890 388
123 36 636 615
124 162 723 700
125 389 658 929
126 420 864 797
127 449 100 790
128 92 627 355
129 711 466 190
130 867 752 213
131 766 207 809
132 817 46 857
133 497 72 950
134 902 379 73
135 291 943 184
136 464 796 991
137 55 252 780
138 103 443 463
139 663 160 38
140 622 69 873
141 896 54 255
142 592 122 198
143 733 747 509
144 837 452 90
145 218 691 665
146 44 86 653
147 199 507 929
148 883 562 534
149 805 972 947
150 58 243 84
151 736 69 834
152 866 70 169
153 27 356 66
154 621 516 974
155 48 150 217
156 531 749 575
157 889 827 327
158 368 523 684
159 729 366 377
160 417 274 935
161 632 708 277
162 432 75 429
163 859 326 202
164 62 964 131
165 88 143 444
166 753 571 649
167 90 485 556
168 351 228 844
169 907 486 191
170 358 421 326
171 525 101 536
172 676 366 127
173 645 228 595
174 500 381 608
175 726 318 728
176 645 339 321
177 758 662 409
178 997 612 748
179 184 653 409
180 628 437 481
181 329 727 807
182 609 123 74
183 961 328 231
184 540 384 531
185 982 73 13
186 81 276 531
187 126 65 569
188 770 685 402
189 993 924 966
190 948 161 250
191 829 194 499
192 131 25 360
193 274 541 580
194 289 52 721
195 679 70 206
196 335 43 495
197 856 304 598
198 867 289 310
199 127 199 598
200 801 133 622
201 639 738 606
202 588 805 912
203 119 887 431
204 543 438 463
205 181 835 718
206 945 911 793
207 39 860 417
208 917 117 969
209 369 208 972
210 77 567 250
211 524 359 71
212 921 316 355
213 899 150 388
214 444 310 448
215 296 55 292
216 863 368 323
217 578 63 705
218 203 507 933
219 962 154 247
220 251 979 747
221 201 738 816
222 743 297 996
223 910 652 931
224 526 152 380
225 962 178 76
226 511 187 360
227 655 33 731
228 949 758 502
229 775 467 976
230 302 751 248
231 743 956 564
232 556 387 170
233 660 172 154
234 661 16 294
235 728 991 263
236 317 246 712
237 508 851 971
238 486 33 11
239 146 637 755
240 257 707 758
241 211 568 821
242 299 520 308
243 800 202 492
244 150 401 616
245 215 614 751
246 215 873 411
247 813 73 986
248 299 936 626
249 808 902 183
250 2 13 882
251 203 454 444
252 142 187 130
253 246 58 693
254 386 323 723
255 685 92 917
256 215 850 880
257 841 435 925
258 883 648 647
259 712 521 709
260 850 308 52
261 942 605 650
262 361 271 25
263 805 733 427
264 24 176 648
265 818 192 218
266 287 667 897
267 500 551 65
268 108 412 5
269 93 291 232
270 978 824 58
271 876 4 794
272 542 494 576
273 262 974 669
274 780 395 344
275 677 170 448
276 362 37 599
277 58 179 506
278 385 431 123
279 640 403 994
280 884 891 280
281 576 468 752
282 598 176 955
283 699 146 888
284 683 416 456
285 434 268 118
286 449 756 160
287 58 99 666
288 202 990 587
289 611 676 932
290 462 806 378
291 101 816 631
292 816 634 255
293 910 341 131
294 257 544 977
295 871 548 170
296 49 114 947
297 916 573 527
298 187 309 638
299 539 254 970
300 318 174 190
301 541 241 311
302 957 362 869
303 608 581 589
304 707 356 583
305 489 445 843
306 144 573 281
307 715 114 694
308 328 129 210
309 391 396 818
310 408 528 959
311 546 180 574
312 876 548 507
313 825 731 397
314 754 775 802
315 111 349 415
316 756 505 10
317 700 305 945
318 602 10 747
319 824 295 616
320 443 971 292
321 59 62 266
322 508 585 924
323 1 265 967
324 207 913 625
325 564 285 98
326 536 225 822
327 825 960 587
328 9 518 989
329 793 606 124
330 146 277 630
331 37 355 978
332 948 339 848
333 507 594 7
334 377 30 350
335 433 770 738
336 147 89 351
337 211 851 508
338 221 158 189
339 830 150 145
340 328 48 223
341 942 931 503
342 446 68 123
343 484 80 102
344 159 277 323
345 961 754 441
346 878 924 613
347 742 116 556
348 878 56 223
349 711 974 784
350 773 202 30
351 324 892 631
352 775 156 871
353 30 937 376
354 319 744 905
355 718 945 341
356 689 940 303
357 3 853 25
358 737 608 994
359 768 308 947
360 716 365 6
361 214 685 75
362 788 68 480
363 599 829 660
364 492 893 475
365 945 330 345
366 53 398 865
367 425 298 47
368 533 714 418
369 638 176 82
370 959 802 526
371 915 826 924
372 505 730 521
373 177 440 352
374 492 723 727
375 502 460 219
376 658 671 693
377 280 379 416
378 338 20 312
379 367 929 363
380 870 831 908
381 791 642 244
382 311 227 598
383 806 117 398
384 3 634 221
385 757 614 709
386 853 160 291
387 64 253 126
388 726 23 893
389 880 695 758
390 47 940 185
391 411 745 782
392 877 634 204
393 977 902 266
394 232 468 629
395 668 397 644
396 675 623 454
397 97 204 404
398 987 658 862
399 664 676 348
400 99 527 275
401 692 581 645
402 146 661 388
403 615 724 176
404 777 531 450
405 741 474 334
406 680 963 130
407 97 557 912
408 332 266 310
409 80 520 501
410 695 295 449
411 224 919 979
412 904 716 402
413 883 232 31
414 54 720 270
415 574 126 78
416 970 16 957
417 567 361 840
418 337 518 862
419 270 238 955
420 63 635 284
421 687 72 221
422 845 556 250
423 230 514 63
424 429 327 855
425 167 507 409
426 479 54 991
427 256 38 240
428 893 868 1000
429 379 305 539
430 738 744 70
431 894 570 438
432 776 464 0
433 954 46 408
434 757 576 313
435 896 817 355
436 84 579 628
437 889 997 702
438 723 378 308
439 633 949 987
440 722 717 910
441 259 306 388
442 649 849 167
443 941 171 611
444 61 645 238
445 580 92 441
446 730 462 505
447 254 88 796
448 837 915 729
449 755 912 417
450 894 460 907
451 612 733 549
452 242 822 675
453 588 856 945
454 866 461 651
455 281 15 395
456 245 538 715
457 787 429 997
458 902 435 642
459 417 864 517
460 913 97 479
461 766 416 474
462 826 600 502
463 403 988 293
464 322 63 416
465 411 350 6
466 296 622 13
467 514 602 966
468 710 853 546
469 584 874 332
470 654 232 119
471 73 233 198
472 810 476 964
473 507 178 769
474 891 334 943
475 410 565 443
476 872 298 956
477 17 27 981
478 212 16 501
479 462 22 714
480 858 710 687
481 272 164 171
482 516 176 861
483 667 549 123
484 602 151 439
485 139 770 249
486 156 449 783
487 207 915 516
488 328 649 528
489 494 270 980
490 711 43 195
491 654 904 280
492 434 927 484
493 364 960 128
494 829 581 952
495 820 852 143
496 565 639 996
497 396 217 197
498 138 435 284
499 918 216 990
500 181 401 136
501 447 498 306
502 583 675 831
503 176 920 266
504 69 897 771
505 674 787 39
506 25 435 605
507 550 54 98
508 82 107 573
509 173 612 589
510 633 822 826
511 455 712 390
512 299 184 755
513 345 656 193
514 735 299 78
515 404 633 755
516 892 886 854
517 556 594 613
518 260 507 496
519 179 284 934
520 491 801 492
521 960 755 692
522 689 828 579
523 632 558 803
524 560 218 491
525 511 398 795
526 244 932 469
527 173 469 870
528 304 137 452
529 674 209 156
530 812 967 374
531 41 40 790
532 970 291 119
533 131 136 258
534 464 801 560
535 689 95 587
536 573 536 265
537 712 855 203
538 654 847 801
539 434 230 940
540 296 507 888
541 861 529 756
542 228 465 969
543 657 558 231
544 448 100 449
545 306 249 253
546 583 627 427
547 73 89 541
548 455 389 716
549 695 302 736
550 868 543 937
551 875 757 867
552 680 821 114
553 341 264 355
554 987 126 635
555 70 802 805
556 399 177 51
557 457 147 799
558 473 153 985
559 971 242 143
560 711 693 31
561 130 813 827
562 520 205 2
563 102 392 623
564 138 818 783
565 916 84 812
566 715 170 712
567 328 494 684
568 317 832 692
569 377 525 242
570 397 999 851
571 977 849 425
572 369 475 584
573 468 393 386
574 457 238 57
575 798 706 307
576 477 955 437
577 995 517 472
578 511 789 262
579 395 473 975
580 890 404 452
581 817 763 604
582 422 50 982
583 409 969 64
584 370 228 857
585 542 64 795
586 492 522 660
587 254 805 462
588 923 838 982
589 129 799 327
590 151 4 824
591 418 505 582
592 229 864 296
593 620 6 268
594 425 690 204
595 574 31 335
596 814 452 998
597 124 779 558
598 764 212 417
599 775 365 966
600 195 596 269
601 656 257 344
602 799 384 903
603 764 301 138
604 258 328 561
605 760 9 867
606 501 121 777
607 534 564 452
608 17 746 64
609 731 481 915
610 862 176 799
611 222 890 466
612 707 149 281
613 47 525 118
614 585 223 113
615 331 221 981
616 717 642 817
617 371 42 600
618 212 541 62
619 419 391 673
620 627 478 921
621 100 814 199
622 320 69 121
623 839 8 56
624 902 6 728
625 559 889 170
626 878 458 917
627 648 591 593
628 71 797 276
629 385 422 725
630 55 769 91
631 931 399 676
632 795 947 361
633 695 755 648
634 959 928 728
635 61 564 463
636 235 723 723
637 961 119 746
638 220 271 955
639 722 312 456
640 613 820 688
641 83 245 26
642 874 916 228
643 598 175 824
644 124 324 564
645 669 728 252
646 305 199 442
647 834 556 747
648 100 821 289
649 140 791 236
650 690 652 869
651 921 486 436
652 673 521 209
653 744 404 171
654 253 535 762
655 583 723 886
656 589 763 170
657 747 843 504
658 782 870 45
659 212 881 945
660 232 304 44
661 724 361 838
662 347 615 588
663 922 809 584
664 459 967 699
665 180 787 541
666 83 237 233
667 246 101 151
668 288 58 250
669 406 713 325
670 14 542 302
671 758 185 968
672 101 933 960
673 467 235 118
674 993 776 857
675 534 981 197
676 742 909 159
677 377 466 962
678 212 157 431
679 410 247 771
680 864 821 765
681 905 322 488
682 941 103 170
683 320 98 957
684 795 874 406
685 235 925 193
686 666 928 871
687 729 432 162
688 912 526 192
689 770 512 375
690 802 877 893
691 229 670 261
692 465 666 164
693 262 8 419
694 674 987 785
695 654 391 837
696 252 335 758
697 249 839 279
698 370 85 979
699 472 105 79
700 625 638 931
701 101 480 44
702 26 170 157
703 454 978 227
704 87 551 274
705 854 588 119
706 396 321 469
707 211 732 711
708 694 326 316
709 842 566 721
710 411 563 215
711 534 252 134
712 215 23 563
713 671 11 626
714 193 44 352
715 68 106 722
716 723 178 569
717 199 1 281
718 290 576 20
719 784 593 209
720 585 633 185
721 787 24 681
722 216 279 30
723 964 77 487
724 826 23 70
725 9 831 733
726 744 343 855
727 75 366 461
728 329 326 422
729 230 118 262
730 328 893 140
731 864 604 211
732 419 312 574
733 548 796 610
734 975 807 925
735 811 117 267
736 328 632 167
737 77 889 899
738 578 571 288
739 1 169 789
740 227 541 479
741 474 876 797
742 481 457 49
743 374 647 274
744 257 605 224
745 342 354 669
746 572 501 553
747 813 171 780
748 202 199 358
749 824 416 978
750 959 260 907
751 286 856 283
752 380 741 801
753 258 459 979
754 222 917 849
755 182 193 783
756 51 668 89
757 727 659 353
758 737 856 24
759 939 996 925
760 288 34 614
761 18 531 715
762 54 767 650
763 273 383 566
764 615 511 642
765 559 806 436
766 223 912 32
767 622 171 346
768 357 834 3
769 700 67 882
770 877 948 54
771 757 203 312
772 736 521 691
773 342 454 243
774 570 809 865
775 576 364 812
776 284 282 461
777 186 771 898
778 116 559 353
779 818 175 26
780 293 318 457
781 773 760 165
782 640 148 650
783 34 935 416
784 396 852 943
785 885 439 743
786 3 56 293
787 524 346 833
788 327 167 271
789 987 249 61
790 267 932 693
791 770 617 527
792 658 93 21
793 646 937 613
794 968 861 443
795 48 683 261
796 80 450 311
797 321 904 753
798 561 670 535
799 939 258 194
800 796 109 980
801 358 601 137
802 425 679 625
803 368 118 591
804 733 45 749
805 246 434 927
806 538 983 879
807 879 743 243
808 527 225 785
809 359 277 553
810 704 699 412
811 590 112 244
812 329 134 62
813 770 748 0
814 759 617 137
815 673 864 556
816 192 45 889
817 135 761 293
818 169 614 118
819 384 164 670
820 578 651 722
821 380 652 370
822 586 623 888
823 818 328 781
824 290 354 356
825 222 772 350
826 213 344 448
827 79 202 891
828 644 188 683
829 367 726 286
830 658 513 306
831 494 775 903
832 193 79 661
833 701 96 867
834 854 986 290
835 942 542 704
836 329 256 598
837 309 522 315
838 709 771 598
839 87 572 629
840 299 898 866
841 711 670 621
842 60 899 72
843 16 321 346
844 442 752 389
845 635 932 747
846 399 875 938
847 734 498 947
848 277 744 337
849 656 222 506
850 314 89 115
851 880 44 65
852 942 913 892
853 690 456 617
854 217 494 607
855 312 147 984
856 642 198 966
857 970 239 448
858 485 621 773
859 181 925 964
860 858 823 196
861 639 398 280
862 653 622 201
863 231 267 82
864 204 513 962
865 58 464 800
866 126 667 495
867 903 760 839
868 62 316 636
869 864 114 881
870 452 969 625
871 448 497 547
872 867 538 618
873 622 608 690
874 381 366 83
875 1 459 981
876 681 85 732
877 575 278 91
878 371 464 247
879 874 422 446
880 41 341 40
881 694 590 430
882 913 463 584
883 714 958 865
884 567 775 148
885 439 299 668
886 90 583 254
887 556 499 795
888 110 171 530
889 929 289 854
890 737 920 735
891 527 324 173
892 734 864 323
893 407 336 722
894 589 855 603
895 153 764 557
896 310 318 320
897 944 481 631
898 188 319 509
899 195 443 614
900 441 477 521
901 479 984 263
902 326 707 972
903 560 124 595
904 924 987 200
905 756 824 654
906 26 80 143
907 920 600 353
908 590 850 797
909 239 869 502
910 166 895 365
911 802 635 323
912 637 871 432
913 613 768 727
914 894 933 363
915 272 850 514
916 731 988 234
917 166 953 289
918 638 72 378
919 560 894 127
920 545 933 124
921 788 579 69
922 936 317 90
923 297 537 927
924 220 188 939
925 950 714 132
926 48 32 677
927 416 309 661
928 688 373 232
929 25 689 781
930 411 211 1
931 386 594 439
932 454 139 83
933 587 856 54
934 695 344 303
935 800 574 469
936 561 585 70
937 29 373 165
938 527 540 171
939 760 135 146
940 589 522 749
941 324 304 346
942 996 359 277
943 950 659 678
944 168 507 156
945 888 67 911
946 527 203 374
947 581 640 918
948 798 723 503
949 318 409 694
950 194 841 917
951 525 156 232
952 719 475 325
953 642 729 441
954 225 174 34
955 29 759 970
956 148 906 692
957 618 26 18
958 300 464 245
959 153 779 242
960 928 49 546
961 895 639 449
962 273 871 653
963 364 747 864
964 927 272 694
965 772 483 159
966 579 451 17
967 25 734 416
968 456 118 452
969 365 50 170
970 851 400 950
971 467 832 733
972 416 5 526
973 329 51 481
974 64 717 807
975 607 505 552
976 772 970 44
977 151 698 7
978 163 728 325
979 381 144 759
980 19 735 234
981 44 477 997
982 316 558 452
983 45 291 820
984 820 171 904
985 534 71 184
986 652 943 281
987 19 768 692
988 633 126 741
989 124 418 788
990 864 370 743
991 108 376 534
992 751 122 129
993 291 553 1000
994 221 642 513
995 334 681 854
996 782 236 807
997 463 974 288
998 12 293 805
999 111 168 459
1000 601 82 573
486
682
662
929
