50 60
1 35
2 46
3 22
4 18
5 50
6 45
7 21
8 21
9 20
10 28
11 30
12 2
13 49
14 10
15 7
16 6
17 42
18 14
19 21
20 27
21 28
22 38
23 20
24 19
25 10
26 48
27 35
28 36
29 26
30 27
31 46
32 15
33 37
34 37
35 22
36 17
37 10
38 27
39 5
40 8
41 47
42 40
43 7
44 43
45 39
46 5
47 9
48 46
49 23
20 50
18 11
19 33
21 36
15 38
17 39
50 28
19 7
26 37
15 3
27 11
1 84 71 62
2 7 2 77
3 88 135 32
4 95 175 7
5 44 8 63
6 53 64 74
7 62 90 61
8 83 146 100
9 74 109 87
10 34 120 14
11 76 146 45
12 29 54 47
13 65 50 88
14 53 148 33
15 1 83 93
16 14 57 98
17 29 76 18
18 81 36 75
19 69 85 2
20 12 8 91
21 77 27 74
22 17 159 20
23 67 23 47
24 51 19 9
25 32 60 75
26 49 3 85
27 82 120 7
28 5 175 39
29 79 111 46
30 89 56 93
31 30 103 97
32 95 162 79
33 42 5 81
34 48 62 20
35 51 0 86
36 43 158 16
37 12 49 55
38 72 13 92
39 72 139 52
40 18 107 7
41 11 27 43
42 33 134 13
43 53 61 1
44 30 172 82
45 91 160 3
46 31 79 35
47 64 32 22
48 5 177 13
49 89 174 19
50 100 53 100
29
37
15
36
