10
20 40
8 13
7 17
17 3
12 15
13 18
13 9
9 5
13 4
5 20
15 4
17 18
2 13
5 2
4 2
16 11
20 15
12 8
19 17
9 1
2 3
18 12
12 13
6 20
10 14
18 1
11 8
1 8
10 9
1 16
20 14
15 18
14 2
6 3
9 16
14 15
4 8
1 10
10 20
13 16
20 16
20 40
18 6
16 1
7 6
6 4
12 1
5 13
17 12
8 15
20 2
15 18
1 11
9 19
15 16
5 20
19 18
7 4
5 17
19 6
9 8
10 13
18 11
2 19
18 2
20 18
1 2
16 5
13 3
11 12
5 10
14 18
9 7
12 6
13 20
2 7
15 14
5 3
3 11
9 5
12 20
6 15
20 40
2 14
13 5
19 16
7 2
2 3
16 10
18 17
20 14
16 6
6 1
15 14
4 8
14 4
12 6
19 4
19 14
12 17
18 1
8 13
1 15
20 13
13 2
3 19
7 20
14 3
1 4
9 1
2 4
9 16
3 12
13 19
16 12
12 4
4 9
13 7
4 17
17 1
16 5
16 11
7 8
20 40
15 3
7 5
16 9
6 15
18 7
10 20
16 14
7 4
3 2
20 4
11 9
6 14
1 6
7 20
16 20
10 8
15 4
14 9
13 17
14 5
8 14
18 2
9 17
15 20
14 2
4 19
17 3
18 6
7 11
12 5
17 14
12 18
17 6
4 12
6 12
15 12
14 7
20 3
20 6
4 14
20 45
1 6
16 20
4 5
11 20
6 8
6 7
8 17
8 2
3 10
13 19
18 15
20 15
19 3
10 13
14 7
12 9
12 5
15 6
17 13
4 19
5 20
3 12
6 5
2 13
12 7
12 8
4 8
1 16
1 17
9 7
5 8
19 2
12 17
7 5
9 19
19 17
15 2
3 15
12 2
11 7
1 2
4 6
9 14
15 17
12 18
20 40
5 10
1 11
16 3
4 13
1 19
19 4
9 16
18 16
11 8
1 10
12 11
8 6
15 16
4 2
5 20
4 3
4 1
11 15
6 9
19 3
2 16
7 18
16 19
19 9
14 16
1 7
8 3
8 16
15 20
13 16
4 14
2 13
18 4
6 14
5 6
13 12
20 13
13 18
5 14
14 17
20 43
4 6
19 15
6 10
18 3
10 19
14 18
14 1
6 13
20 1
7 17
15 11
1 11
16 10
18 16
12 10
19 1
3 10
19 6
4 18
20 14
7 13
14 11
12 9
6 1
12 8
13 5
20 17
9 2
10 17
10 9
16 17
2 11
2 18
16 14
7 6
13 15
9 17
15 8
12 7
14 3
1 2
3 5
10 18
20 44
10 5
19 7
16 14
1 11
7 10
15 17
14 20
18 12
9 5
17 16
5 18
15 12
7 3
16 4
8 12
6 18
5 16
9 20
4 20
9 1
19 3
11 8
4 6
9 19
2 7
15 6
18 11
3 10
18 14
20 13
6 20
15 18
20 2
4 2
7 17
14 7
20 17
16 6
6 12
1 13
1 2
3 11
16 19
10 20
20 40
1 3
20 4
14 10
4 17
1 19
11 14
15 4
1 12
7 9
3 13
13 20
8 5
17 10
11 7
5 4
15 2
19 3
8 19
3 9
11 9
6 14
9 17
6 1
11 20
13 8
17 15
18 11
16 2
17 14
12 14
8 9
16 20
18 5
17 18
15 6
10 18
15 8
16 17
20 10
19 15
20 40
11 20
19 15
9 13
1 20
2 4
6 18
17 4
5 16
3 8
2 17
14 7
5 17
15 7
8 5
1 17
20 13
13 11
18 7
9 15
7 19
10 18
1 2
16 3
15 11
11 2
20 5
7 17
17 10
19 2
13 18
5 1
8 10
10 1
7 12
3 9
11 3
11 16
14 2
9 17
6 13
