100
50 96
35 8
13 47
50 23
11 1
18 6
11 10
46 22
31 17
26 43
34 35
28 6
4 33
43 14
30 8
25 42
38 21
27 13
2 10
11 35
3 37
50 15
38 40
17 47
28 38
22 17
41 20
46 25
26 31
13 40
22 25
23 8
7 4
22 45
13 19
41 3
24 13
47 38
48 23
22 27
14 22
25 3
2 4
17 6
37 8
45 42
20 32
16 47
12 3
12 5
16 9
45 37
31 49
38 7
5 25
48 45
37 18
11 2
15 42
19 31
49 20
38 24
12 7
32 31
14 45
5 47
22 36
7 25
32 10
18 46
19 11
22 7
8 2
12 18
21 27
45 30
2 12
11 14
31 40
39 50
35 26
29 35
44 27
1 2
4 5
6 7
8 9
10 12
13 20
23 26
29 32
33 34
35 36
39 40
42 44
46 47
19 50
50 92
27 18
1 36
43 17
27 47
8 18
41 31
9 36
44 22
47 28
32 8
17 26
16 31
49 42
23 1
33 39
17 50
23 30
1 50
4 10
29 12
46 23
9 25
10 17
48 49
4 47
9 5
12 32
27 22
44 20
28 25
6 14
18 22
33 5
35 21
15 6
14 25
30 32
42 45
10 43
17 21
11 41
1 38
37 38
15 29
37 19
43 3
24 47
45 37
47 15
13 11
27 6
4 26
8 33
4 6
43 30
2 4
18 38
14 47
28 15
9 47
28 24
23 31
3 27
33 15
38 27
46 31
2 40
29 30
18 3
29 45
43 7
36 2
35 28
21 40
19 48
12 7
37 12
43 2
32 48
38 45
34 33
3 4
8 10
13 14
15 16
17 18
20 21
22 25
28 33
34 36
38 39
47 48
50 94
36 5
8 2
41 44
39 10
32 5
12 33
9 48
30 7
48 47
21 45
2 5
30 21
47 4
45 19
25 27
26 40
6 46
14 23
4 49
10 38
5 34
31 22
5 1
3 6
47 6
1 46
45 5
39 38
20 31
1 23
32 29
28 19
38 6
40 38
45 7
33 34
49 30
40 33
28 8
40 8
10 43
50 32
17 22
21 16
27 33
23 15
13 27
10 23
45 31
10 4
39 20
20 35
35 37
22 30
45 23
33 17
45 44
2 14
47 15
20 11
5 13
16 2
50 40
36 19
24 34
8 27
20 22
12 40
36 11
45 30
20 7
17 30
21 23
27 36
47 33
25 33
24 40
49 17
38 11
15 1
18 3
42 11
4 5
7 9
10 15
18 19
26 27
29 31
32 33
34 37
38 41
42 43
47 49
39 40
50 95
1 41
32 29
16 25
21 35
10 6
5 11
31 24
35 29
45 25
17 37
28 32
3 46
36 3
16 46
30 28
45 5
42 39
50 45
46 49
33 7
28 23
48 33
41 48
34 26
37 31
4 37
46 50
44 19
34 6
50 19
23 12
27 34
13 41
16 15
9 2
10 47
28 43
5 10
44 33
7 9
20 47
9 17
28 29
37 3
43 30
18 6
19 17
41 10
43 18
15 31
13 9
47 49
6 11
25 19
47 11
30 24
38 25
45 38
6 28
26 36
36 27
11 19
40 2
13 10
7 4
35 11
27 24
15 48
41 43
11 29
2 30
14 46
47 23
16 39
7 13
34 40
22 7
17 47
14 49
26 30
8 2
1 3
5 6
7 8
10 12
15 19
20 21
22 23
24 26
27 30
31 33
35 36
41 42
46 48
49 50
50 96
44 46
40 19
26 37
20 38
48 36
30 17
1 27
6 29
32 5
35 23
34 4
36 30
25 2
41 27
50 17
40 36
10 17
11 24
20 31
16 21
42 29
2 37
27 24
1 8
10 48
17 37
20 30
46 33
28 46
43 27
47 37
6 3
34 19
10 37
39 27
45 22
21 8
3 12
33 6
24 49
18 1
43 22
48 42
46 13
33 11
19 29
41 10
8 17
19 7
2 3
19 47
24 32
31 40
3 34
35 43
43 21
34 28
32 33
5 25
24 1
22 32
45 2
46 8
30 21
43 13
11 38
23 31
13 23
29 44
25 49
21 42
18 45
41 7
35 39
10 12
6 5
8 49
41 19
49 40
25 15
9 3
14 45
3 4
5 8
9 10
11 13
14 15
16 17
20 21
22 23
24 26
27 31
35 36
37 42
43 46
48 50
50 96
43 34
46 26
30 42
3 46
27 49
3 35
12 22
45 9
8 49
1 22
19 43
4 48
49 11
23 4
39 37
8 39
1 35
13 17
43 45
12 29
46 48
32 36
42 7
50 11
48 17
45 49
10 31
5 24
39 11
32 44
47 9
3 1
17 21
40 27
37 18
3 4
19 24
9 37
20 16
48 10
17 12
3 19
18 49
11 4
6 17
31 45
21 31
44 29
34 22
13 34
28 43
26 5
22 33
38 21
40 15
15 19
42 31
43 6
28 47
26 22
44 48
37 29
26 25
27 30
31 17
32 41
36 26
3 7
13 37
23 47
33 42
22 48
8 1
22 44
21 40
7 34
34 18
28 46
48 49
8 3
2 36
14 47
2 3
7 9
12 13
14 16
18 20
22 25
26 27
28 29
31 32
34 36
37 38
39 40
41 43
48 50
50 93
35 14
44 30
50 23
4 36
44 32
20 12
5 28
37 33
31 4
49 13
37 5
9 17
6 10
18 42
28 16
20 18
2 25
8 19
46 7
35 9
39 40
27 9
49 35
29 3
42 48
15 10
2 46
30 46
23 42
44 40
18 45
49 29
8 43
3 13
29 25
43 30
23 8
14 26
6 23
14 16
1 21
9 48
7 41
45 8
50 47
47 13
21 19
19 27
9 21
1 6
14 13
49 24
21 48
38 45
43 1
33 20
32 12
23 33
35 50
49 9
45 6
29 23
43 24
38 33
48 31
20 17
19 20
45 3
11 8
27 48
47 21
2 11
50 15
39 36
12 14
38 37
44 7
25 17
34 21
49 40
22 3
1 2
7 8
12 17
18 22
25 26
27 30
34 37
38 40
41 42
45 46
47 48
14 20
50 94
24 40
37 14
5 11
27 15
19 45
41 17
27 34
21 13
46 40
17 26
32 7
16 14
50 18
36 46
11 9
33 21
20 3
12 11
35 21
49 22
11 21
45 4
13 46
12 20
23 3
44 16
6 13
28 26
24 37
33 25
7 46
3 15
43 24
31 1
49 14
25 30
27 31
38 19
4 40
3 43
41 40
2 26
32 20
17 34
36 23
21 12
30 29
40 30
8 32
32 9
36 5
5 38
12 39
19 4
34 4
17 37
44 1
31 48
28 21
42 1
23 32
2 7
47 28
3 34
28 25
46 49
46 12
47 37
50 14
4 3
47 15
50 42
7 49
26 24
48 17
19 27
36 16
47 9
36 48
35 3
10 3
1 4
5 6
8 9
10 12
13 15
16 17
18 20
22 23
25 29
30 31
32 36
39 40
48 50
50 94
14 34
35 39
20 43
47 27
17 49
32 49
18 30
6 4
4 7
25 26
44 31
4 45
15 25
46 19
22 47
2 30
30 33
13 16
30 28
49 1
2 7
18 39
1 5
25 35
1 47
50 46
23 30
28 8
39 1
45 36
34 12
1 43
15 31
35 33
10 36
4 9
10 31
48 33
30 50
21 28
16 49
7 32
41 17
28 33
7 16
29 2
5 8
26 6
40 46
49 50
19 42
21 8
6 42
9 8
13 20
39 46
10 4
8 48
2 3
6 10
15 17
40 27
5 20
3 34
43 48
29 15
7 46
30 41
47 25
40 24
42 16
14 24
14 46
13 42
12 32
28 23
41 33
22 8
38 23
11 45
37 36
1 4
5 7
11 13
14 17
20 23
28 31
32 33
34 35
36 38
40 41
43 44
45 48
30 37
50 94
41 4
5 49
46 8
3 2
47 18
39 2
20 21
38 1
13 15
43 18
44 17
34 29
6 36
23 18
8 17
32 22
11 44
26 39
11 34
35 36
46 13
2 4
5 38
35 32
45 38
14 46
11 29
7 16
29 35
27 43
45 24
30 28
6 12
21 2
11 7
14 35
5 27
21 6
22 1
12 45
23 8
13 38
9 28
42 29
24 3
37 38
21 41
32 47
31 9
40 14
12 3
46 48
6 27
12 4
9 14
39 11
8 16
6 3
32 40
30 38
21 40
20 43
43 10
13 33
5 9
42 49
34 5
35 23
48 36
48 45
42 40
48 11
21 10
26 4
21 36
17 23
13 50
30 7
22 40
24 16
19 16
25 14
5 6
7 13
14 15
17 18
19 21
22 24
25 27
30 31
33 34
35 37
39 40
42 50
50 93
10 50
12 13
5 26
5 50
29 3
26 38
41 48
26 44
28 3
12 7
46 45
23 49
26 12
49 13
49 5
42 17
39 18
46 47
31 26
45 40
23 42
4 27
46 27
7 43
7 4
40 7
45 16
18 20
24 11
15 21
33 49
48 39
19 31
34 20
2 12
14 11
19 40
29 50
5 35
1 16
24 1
1 12
39 13
44 8
31 29
32 24
26 46
2 18
18 1
38 23
9 17
30 1
4 13
37 19
34 12
40 49
33 38
22 48
3 27
30 21
21 8
32 27
26 50
48 17
43 21
49 1
25 3
22 42
15 50
47 34
3 37
26 17
5 41
34 3
8 40
5 8
23 39
32 33
27 43
22 38
6 40
36 26
4 6
9 10
14 19
22 24
25 26
27 28
29 32
33 35
36 42
43 45
31 50
50 94
47 43
37 29
1 20
1 30
41 3
44 13
29 27
44 11
37 14
11 50
18 35
46 33
8 17
46 1
40 16
14 36
4 34
31 27
18 12
41 1
6 5
31 14
16 29
1 23
4 24
20 8
39 33
47 5
49 30
34 36
46 38
47 9
35 6
16 22
37 32
18 5
40 22
9 37
46 41
31 19
30 5
3 20
11 4
25 40
45 40
49 28
43 15
41 39
24 3
35 28
27 4
22 21
16 34
2 50
36 25
26 1
24 5
12 27
36 15
9 42
27 11
5 33
47 40
45 5
37 36
30 21
35 37
19 38
20 28
49 48
41 26
6 42
43 32
31 6
2 23
33 12
2 46
49 44
49 43
12 44
7 25
10 37
2 3
5 7
9 10
13 14
17 18
22 24
25 27
28 29
34 37
40 41
46 48
36 49
50 95
32 22
4 1
41 26
29 40
45 9
34 48
30 13
17 16
12 19
36 18
4 11
2 11
14 18
22 7
31 45
16 28
40 27
49 22
13 41
27 37
48 15
43 23
21 39
19 49
22 4
19 31
44 13
34 23
22 41
13 26
14 13
3 34
22 42
5 45
48 26
6 47
19 10
34 50
46 7
50 22
42 9
7 28
22 48
27 20
28 9
36 43
29 10
26 14
15 42
19 18
47 19
23 6
6 12
29 46
21 25
41 9
12 15
18 32
46 32
17 39
8 32
32 36
28 19
33 21
23 50
42 5
30 23
48 2
18 27
46 37
45 3
13 39
23 27
24 41
34 28
13 12
24 5
21 34
25 5
45 7
35 5
38 23
1 5
6 8
13 15
18 20
23 28
29 32
33 35
36 38
39 41
44 45
48 50
4 14
19 27
50 97
41 39
37 10
45 23
46 40
47 18
28 13
39 45
9 19
37 17
1 29
50 23
14 12
2 35
25 33
14 42
34 35
5 2
9 42
23 47
34 41
26 20
4 26
32 36
12 41
3 41
12 34
3 9
14 4
23 43
6 24
43 9
25 3
10 2
24 10
10 1
38 29
29 36
15 44
20 14
1 31
19 37
39 16
26 3
31 16
3 27
8 44
48 4
44 4
33 16
35 33
12 43
37 39
13 7
35 16
40 26
40 23
11 18
14 44
8 43
13 24
40 15
15 48
37 25
38 19
33 41
8 46
12 28
38 3
31 43
41 32
31 26
11 13
39 23
48 50
38 2
17 47
20 3
3 48
46 24
11 4
21 50
22 42
30 7
49 34
1 4
5 6
8 11
12 15
19 20
21 22
25 26
27 29
30 37
39 42
43 46
47 49
14 50
50 92
7 14
2 50
30 36
40 19
20 43
48 12
18 13
2 20
43 24
1 8
36 35
26 50
18 1
12 39
3 28
8 33
39 34
27 21
40 45
29 43
39 16
29 15
8 29
31 20
31 28
40 47
1 49
1 16
18 23
20 14
39 20
28 7
37 7
5 10
38 15
10 23
42 23
29 5
5 30
15 12
46 44
13 11
32 22
44 48
11 12
13 39
39 38
22 35
33 44
43 35
27 40
10 3
45 1
4 45
47 8
24 23
45 46
20 50
26 29
17 37
38 34
23 49
41 7
42 24
40 30
11 9
18 44
23 32
8 50
25 11
40 5
6 9
49 32
10 2
10 8
22 12
5 41
49 27
9 14
31 12
1 2
4 5
6 10
13 14
15 17
19 21
22 24
25 27
28 29
30 31
32 35
9 38
50 94
21 23
48 34
28 20
13 7
42 9
27 26
50 20
7 18
36 18
31 48
38 30
29 39
17 8
44 29
22 19
46 34
40 39
27 6
40 21
22 41
28 21
46 1
31 8
20 19
41 23
12 30
31 28
31 27
41 2
27 49
41 48
5 14
38 18
10 29
36 13
50 27
38 41
14 10
27 12
50 21
36 31
1 9
11 47
46 29
24 49
21 30
24 4
20 32
2 11
27 21
15 1
2 43
14 37
14 43
17 6
47 26
45 13
34 12
28 38
32 33
29 22
25 22
37 13
3 36
39 24
37 46
2 4
32 9
5 45
42 43
45 25
44 45
7 4
31 35
20 48
36 9
21 10
34 13
31 37
44 46
16 33
1 3
4 10
12 13
15 16
18 20
21 24
27 29
30 31
32 35
36 39
41 43
44 50
7 46
50 99
47 46
6 50
14 17
16 47
13 38
46 1
16 31
19 41
11 5
39 46
38 28
31 4
22 30
17 37
38 18
23 47
20 43
21 14
45 2
4 12
22 27
43 28
45 22
16 49
45 9
37 43
50 25
6 44
49 11
33 4
34 38
18 39
1 22
5 21
6 1
47 43
30 31
39 1
45 6
10 31
28 7
12 36
11 35
9 21
34 30
28 15
45 1
35 31
46 28
38 25
37 41
18 3
14 19
21 48
40 43
13 39
22 28
26 50
41 4
6 12
29 41
22 11
21 25
15 4
45 17
9 37
43 24
13 44
35 33
5 29
17 19
39 43
18 15
4 18
11 37
36 32
32 1
31 46
33 32
13 4
8 20
42 5
2 3
4 6
7 8
9 10
11 12
14 15
16 18
19 21
23 24
25 26
27 30
32 35
37 38
39 40
42 43
46 48
33 50
50 97
30 29
32 17
5 47
3 20
36 44
16 22
44 7
49 14
8 3
42 45
26 38
7 2
23 1
15 26
13 39
47 18
38 11
41 3
25 32
40 9
24 44
34 3
9 5
29 9
14 28
20 4
35 46
30 46
7 21
25 10
18 32
8 9
11 3
22 33
27 26
19 24
3 32
18 7
29 47
29 25
1 19
23 7
6 13
47 30
8 23
26 46
17 39
29 39
15 50
15 32
47 13
7 25
17 34
27 7
1 42
11 10
11 32
13 34
41 12
9 32
9 41
12 39
43 12
22 20
15 9
25 50
41 44
46 33
11 29
33 19
24 2
38 44
45 37
9 21
10 49
50 24
33 34
41 16
15 11
14 45
31 14
48 28
1 4
6 7
8 10
12 15
17 18
19 20
22 23
25 30
31 32
35 36
37 38
40 41
43 44
45 47
48 50
50 97
31 1
45 47
44 25
39 37
42 3
19 5
48 39
18 4
1 27
6 5
32 1
45 29
28 9
8 26
13 39
44 30
18 39
6 28
24 32
28 31
41 32
27 2
8 1
21 33
12 44
22 13
29 43
49 14
39 28
10 32
5 3
48 45
44 3
28 25
49 47
30 16
24 8
11 29
49 40
45 26
9 31
42 32
33 38
42 46
17 13
45 5
4 38
4 31
17 21
16 47
11 42
41 37
23 14
39 20
4 23
4 41
41 17
5 7
22 48
34 27
19 41
29 22
36 26
42 6
37 50
13 37
2 1
11 44
30 7
6 19
19 38
31 3
14 50
22 34
25 33
24 20
26 16
49 4
40 30
7 48
15 26
35 21
1 5
7 8
10 11
12 14
15 16
17 24
25 26
27 28
31 32
33 35
36 38
41 42
43 44
45 46
21 47
50 95
21 46
7 32
35 49
10 2
16 49
41 9
19 20
23 15
24 31
16 2
43 15
7 24
50 13
16 24
46 4
37 17
47 35
48 30
49 42
49 4
4 42
19 11
6 11
9 7
19 12
13 47
20 49
7 5
13 29
36 16
43 30
47 45
35 37
35 11
39 6
9 33
21 27
22 13
40 31
48 39
1 33
14 1
36 27
45 37
47 16
40 23
8 3
31 14
24 14
27 12
46 22
2 32
4 19
34 24
7 20
11 44
45 40
1 29
9 18
31 29
28 8
6 30
40 38
21 30
13 25
1 35
41 16
30 23
31 18
33 21
3 41
23 48
11 38
40 43
34 31
22 39
43 33
17 16
1 6
33 41
26 7
1 2
5 10
11 13
14 16
20 22
24 25
26 27
28 29
30 33
35 39
40 44
45 46
48 49
37 50
50 93
1 5
15 27
22 18
42 21
12 43
17 20
38 12
21 23
41 46
6 36
8 20
7 44
21 24
31 9
31 17
10 13
42 24
21 41
16 9
22 35
36 20
28 9
25 29
9 14
27 48
49 36
40 46
26 36
6 16
29 10
31 50
23 30
36 33
23 31
9 32
14 30
14 36
41 32
29 20
33 41
28 32
46 24
39 48
49 2
10 24
39 8
17 6
4 48
42 27
29 42
22 41
19 12
28 13
4 46
15 37
15 25
34 35
25 43
31 28
29 38
5 45
16 29
10 1
41 43
15 28
39 2
22 44
3 10
42 13
30 7
18 21
40 19
7 5
6 5
45 2
22 43
23 4
34 39
48 47
48 14
11 32
2 3
4 7
9 10
11 12
13 16
17 21
22 25
26 27
28 30
31 37
42 47
48 50
50 98
23 37
17 45
11 2
17 36
44 42
21 22
30 50
47 10
37 12
26 19
40 4
31 16
17 2
7 3
6 49
4 3
10 15
35 32
26 50
45 30
46 39
3 44
48 16
11 30
47 12
10 45
43 47
8 4
41 14
43 10
15 33
46 6
24 3
50 48
18 5
20 50
33 39
1 50
39 50
2 24
18 21
20 48
11 44
26 25
10 32
3 14
16 32
23 40
28 41
36 37
18 15
48 6
16 50
2 37
18 23
2 3
41 17
39 28
43 12
48 40
26 46
28 34
6 27
9 14
27 19
2 14
29 11
31 30
37 15
26 17
11 48
44 15
49 9
6 3
40 30
34 18
32 44
28 29
49 11
11 9
13 49
38 36
1 3
4 5
6 7
8 9
10 11
12 13
15 17
18 22
23 25
26 30
35 36
37 38
41 42
43 44
45 46
47 50
50 92
18 24
22 38
35 28
6 47
37 8
33 12
2 26
32 22
30 11
2 43
49 39
29 43
39 46
1 7
21 22
19 9
28 37
45 25
7 16
21 41
18 6
15 47
24 31
47 44
28 39
44 24
31 20
35 41
38 1
49 10
33 16
2 47
25 28
12 41
47 49
16 5
6 10
19 4
3 5
35 22
4 28
35 26
3 49
43 30
46 35
42 25
7 14
22 11
20 40
6 46
48 18
34 6
2 24
44 11
3 40
44 50
29 28
33 46
42 23
15 35
9 12
21 6
33 18
43 37
29 13
13 6
46 14
43 25
12 3
48 23
45 3
36 41
4 17
35 43
44 7
26 5
39 20
19 8
50 45
7 49
27 17
3 4
5 6
7 11
16 19
20 21
22 26
27 29
32 34
35 36
37 44
45 46
50 97
30 34
13 9
41 14
7 12
18 22
19 11
30 22
4 41
15 5
15 45
3 49
23 29
28 31
43 37
21 27
41 28
14 20
32 39
19 5
3 17
15 31
40 33
16 23
1 4
29 28
31 34
50 25
10 45
37 16
26 7
34 1
17 18
23 37
22 23
49 37
39 25
2 9
35 1
23 2
35 33
7 28
46 43
12 10
27 3
46 35
36 27
46 33
20 22
33 7
1 49
25 33
6 46
7 2
4 3
34 12
7 5
16 36
29 16
45 12
21 36
11 14
10 39
50 40
23 18
35 27
20 16
18 37
29 6
26 16
4 28
9 4
14 36
24 4
49 28
20 21
21 41
46 7
34 21
3 22
44 34
8 2
38 11
42 25
47 4
48 21
3 5
7 8
9 10
11 13
15 22
24 31
32 33
37 38
39 42
44 45
46 47
4 48
50 95
31 28
5 26
31 23
31 11
6 13
14 4
14 26
17 41
48 49
18 27
40 28
43 15
43 45
7 50
49 38
7 22
17 45
8 17
19 45
34 32
3 23
6 50
12 18
44 38
18 32
37 10
2 15
42 36
17 33
12 38
40 33
1 15
13 28
16 28
11 40
39 44
8 21
23 21
5 6
34 24
17 24
41 31
30 13
16 13
46 35
7 25
49 37
28 45
1 25
18 13
49 43
17 47
18 41
4 8
29 22
50 31
2 39
11 5
32 45
24 41
7 13
38 20
14 32
27 42
15 6
25 38
1 2
38 27
15 49
3 37
40 39
50 8
27 5
43 26
29 23
35 16
21 48
40 36
13 27
41 34
9 18
1 9
10 11
13 14
15 16
19 20
21 24
25 26
27 28
30 31
34 37
39 41
45 46
47 49
2 40
50 89
19 12
25 36
30 32
41 37
48 9
17 20
12 21
15 13
50 2
1 3
9 31
42 13
2 40
49 9
12 4
37 10
49 33
24 42
43 16
49 6
34 21
36 26
46 34
35 2
21 15
12 39
15 42
22 1
33 47
50 12
9 25
20 7
42 11
8 45
6 29
4 24
26 39
25 41
20 31
33 46
26 18
49 23
38 10
3 13
34 18
50 46
40 20
33 25
1 16
17 34
20 43
3 6
32 40
15 38
36 23
24 8
44 32
8 36
9 26
7 21
4 5
43 14
50 7
13 9
11 24
45 38
7 13
28 29
1 41
4 28
3 16
41 22
40 16
49 18
25 46
5 32
48 19
27 23
2 10
32 8
6 10
12 13
14 18
20 23
25 27
30 35
38 43
44 47
32 49
50 96
38 2
44 46
20 13
38 26
14 37
47 30
33 15
24 3
5 30
27 42
36 24
7 35
21 3
20 17
10 18
41 7
12 33
7 31
20 2
39 10
19 24
36 27
14 16
49 7
13 30
21 28
1 34
23 36
17 9
16 4
8 19
46 3
16 29
2 46
11 36
42 29
17 12
28 8
49 23
17 30
26 11
31 40
12 5
22 3
18 16
45 46
30 35
22 5
34 3
38 29
35 37
43 16
9 6
15 17
2 33
4 11
10 16
30 3
42 35
47 27
7 24
23 13
48 9
26 21
29 11
17 28
49 12
15 48
44 11
48 11
18 3
7 29
31 23
20 30
11 30
26 33
21 23
6 5
32 23
21 44
25 12
50 47
1 3
9 10
11 12
13 15
18 21
25 27
28 29
31 32
38 39
40 41
42 43
44 45
47 48
49 50
50 94
17 46
36 20
20 41
41 37
8 31
23 16
32 41
26 27
35 32
6 32
17 43
6 7
18 14
5 38
6 16
43 44
18 45
17 41
2 17
43 25
28 35
29 14
5 35
36 47
29 22
38 39
1 22
41 35
14 35
27 19
39 43
36 10
16 14
16 25
13 18
33 36
25 14
46 34
45 3
8 39
7 50
40 26
6 40
6 9
26 33
44 50
15 16
3 41
3 34
17 30
23 10
30 18
26 21
29 3
28 13
42 28
19 31
27 25
35 7
4 25
9 29
18 50
26 11
21 47
45 14
3 25
11 38
29 34
27 4
25 35
24 16
9 35
7 29
23 9
17 18
16 21
50 16
28 21
15 10
22 9
12 43
48 42
49 7
1 2
3 6
7 9
10 12
22 23
24 25
26 32
34 37
38 43
45 48
39 49
50 92
4 9
47 2
34 43
10 37
27 48
27 35
9 20
18 2
13 22
17 9
14 10
20 47
2 37
8 25
40 38
42 9
44 31
4 46
24 8
17 28
7 40
32 50
11 15
2 32
31 17
7 30
47 35
34 24
5 31
2 11
20 26
25 36
12 10
29 4
12 6
9 6
12 3
47 44
28 7
44 10
26 31
10 31
16 22
20 4
7 39
5 30
45 37
40 21
8 45
41 6
44 42
10 47
40 45
25 38
50 33
21 7
41 22
48 12
35 37
5 18
47 5
20 12
44 11
47 14
1 7
34 17
23 45
47 17
33 26
32 36
6 21
19 33
26 16
29 31
27 15
20 34
16 11
7 33
1 29
45 9
49 45
2 3
7 8
12 13
16 17
19 21
22 23
25 27
29 32
35 39
43 44
46 49
50 98
7 50
7 28
22 26
29 43
21 10
13 36
50 23
1 44
1 46
29 49
36 30
30 44
49 47
3 19
34 2
2 4
3 7
12 13
13 30
38 33
23 11
18 32
5 41
23 47
46 8
43 44
1 16
12 45
24 19
17 11
19 13
16 24
40 2
3 34
48 2
26 19
22 48
22 8
7 6
48 40
35 1
33 5
19 38
25 2
28 34
49 39
50 19
47 37
45 4
8 49
13 44
48 16
46 45
44 24
6 36
23 40
45 44
34 32
9 25
46 11
28 40
38 24
41 26
13 50
41 48
36 3
23 19
16 46
27 35
24 50
38 39
45 7
9 46
49 3
26 5
41 18
26 45
25 5
10 24
13 15
14 38
20 46
31 16
42 19
2 3
7 8
11 13
14 15
16 17
20 21
22 23
25 26
27 28
30 31
37 38
42 46
47 48
49 50
50 94
39 5
48 29
17 22
15 38
29 50
13 16
7 21
35 4
12 7
19 20
28 24
31 19
18 24
47 42
19 15
37 40
12 27
7 24
36 37
19 12
21 2
42 39
50 33
6 24
26 44
24 46
34 37
30 4
14 23
28 46
7 38
50 17
3 50
10 43
45 37
38 25
36 43
45 46
22 1
44 49
49 47
45 19
10 33
47 39
38 24
34 15
2 38
1 27
20 34
11 37
15 9
12 25
12 44
33 20
2 1
25 15
2 4
35 42
41 21
14 28
41 19
4 9
23 27
27 8
40 38
1 48
10 11
34 46
6 39
40 23
25 48
42 50
13 30
21 4
16 15
44 27
25 23
39 43
34 16
21 49
32 33
3 4
5 8
10 12
16 18
20 21
25 26
27 28
31 32
34 39
40 43
45 47
48 49
37 50
50 97
19 17
3 34
6 8
46 50
29 49
15 14
8 41
43 14
2 19
38 28
14 18
1 38
48 5
8 44
37 14
31 45
34 24
41 35
28 4
27 44
20 35
26 25
48 35
25 41
16 24
42 1
36 42
22 1
1 27
31 11
4 15
15 13
49 25
42 43
35 16
33 22
3 44
44 32
19 34
14 30
13 18
4 49
37 11
26 43
23 36
29 20
44 42
33 44
32 33
43 24
28 30
10 20
35 6
49 35
29 46
15 22
8 32
41 12
18 37
7 6
47 46
44 6
25 31
15 35
9 1
5 38
36 12
44 2
13 33
42 37
12 1
10 38
26 4
16 42
49 22
24 11
27 4
13 40
23 49
42 2
21 17
39 49
2 4
7 9
11 12
14 16
18 19
20 21
26 27
28 29
31 32
34 35
36 39
40 42
45 46
47 49
15 50
50 98
25 44
13 25
22 5
11 21
20 41
5 49
38 42
19 34
49 31
10 13
15 37
1 35
44 4
33 29
14 12
2 14
6 13
10 2
22 19
36 22
37 29
2 37
6 29
37 38
30 31
4 25
31 17
40 10
16 15
46 13
16 49
21 31
20 46
11 28
44 41
2 41
11 8
50 32
28 27
45 39
47 13
27 17
48 40
22 26
28 5
45 34
49 28
39 18
41 22
30 13
13 24
14 20
19 2
6 5
30 29
27 38
38 6
46 11
40 25
14 36
19 25
34 15
44 2
2 22
47 23
15 17
45 50
30 23
12 18
50 49
17 43
28 12
7 48
28 41
47 42
49 15
32 47
31 5
28 47
17 44
3 6
9 23
1 2
3 5
6 7
8 9
10 12
13 15
17 20
23 24
25 26
27 31
33 34
35 40
41 43
44 45
46 47
28 50
50 91
44 46
46 39
14 5
34 2
1 48
25 12
20 26
48 32
8 22
17 2
45 13
23 24
12 30
18 22
23 26
25 18
4 18
4 21
36 1
17 7
10 45
35 31
3 23
30 39
12 15
21 16
20 34
43 25
33 6
22 11
29 17
20 11
7 24
30 45
48 5
44 12
45 34
42 17
7 2
18 8
46 28
50 18
49 37
9 48
10 50
8 44
35 17
27 23
43 48
18 23
1 47
47 38
2 9
4 10
42 12
11 15
34 15
25 33
21 27
31 7
30 9
40 43
7 47
46 5
19 26
11 23
5 8
41 18
30 31
38 22
11 13
22 10
3 30
4 31
38 28
7 44
17 20
29 48
24 41
48 36
1 6
9 11
12 14
15 16
18 19
21 22
24 26
32 37
38 40
43 47
48 49
50 92
35 47
2 49
46 7
24 4
18 39
35 34
24 7
41 4
23 12
1 2
36 22
20 17
21 45
26 44
25 30
39 9
2 36
20 32
10 34
4 21
6 15
38 27
3 22
35 8
27 13
6 39
9 22
45 32
14 21
22 8
20 12
14 43
48 42
15 16
4 40
26 5
8 6
19 14
2 47
24 2
37 28
26 18
48 2
27 4
49 3
38 46
10 26
7 50
7 25
10 46
7 13
11 36
21 36
5 39
1 12
12 40
9 38
28 43
47 13
15 38
27 6
21 9
4 29
27 30
25 8
17 47
7 14
39 8
47 50
4 50
11 40
2 33
33 40
6 24
8 17
49 15
43 48
29 20
16 49
46 21
31 21
2 4
6 10
13 17
19 21
23 25
27 31
35 37
39 41
42 43
44 47
48 50
50 95
7 13
14 42
5 49
15 26
16 35
27 2
34 30
28 31
22 21
18 28
21 20
18 42
16 24
24 33
28 42
41 14
26 43
33 44
20 39
4 9
22 32
11 26
7 42
47 16
2 32
3 1
7 12
40 35
41 11
18 40
38 12
41 34
30 17
50 44
44 32
42 8
29 3
16 29
2 25
8 10
42 37
38 36
23 5
39 41
16 26
42 4
5 22
18 43
35 7
43 31
41 27
24 37
26 24
24 35
48 45
35 46
7 36
7 25
50 11
47 15
16 32
47 3
32 34
32 1
3 5
26 50
34 24
26 23
38 17
23 35
29 48
6 11
41 40
37 29
48 18
25 27
14 11
22 16
12 3
9 25
19 22
2 3
6 10
11 12
13 14
16 18
19 23
26 27
28 37
38 40
42 43
44 45
46 47
48 49
22 50
50 96
11 7
26 45
5 13
30 8
35 38
28 20
7 32
41 10
49 25
9 10
9 19
23 2
36 30
22 36
24 47
9 47
3 11
24 49
31 16
10 46
19 2
49 34
49 2
23 44
44 3
42 6
44 11
10 47
21 10
30 10
26 19
45 47
31 32
42 14
13 26
17 49
46 45
47 23
44 4
17 21
30 28
33 46
48 20
14 21
36 15
30 22
44 19
15 10
43 40
3 30
20 16
36 33
30 44
13 22
50 38
40 4
46 28
6 38
43 2
49 35
50 29
27 37
25 46
33 35
8 16
32 3
10 50
15 1
43 26
14 29
47 41
37 50
43 4
42 48
24 6
44 14
21 40
26 40
42 34
7 43
12 42
18 7
39 35
1 4
5 6
9 11
12 13
15 16
18 20
22 23
24 26
27 28
30 32
33 38
39 42
43 44
50 94
7 15
22 31
40 19
30 15
33 9
41 24
13 1
27 22
40 20
44 23
44 19
47 46
21 7
2 8
24 17
21 42
28 43
26 6
23 17
17 19
4 50
50 11
8 15
5 27
24 49
4 39
39 15
2 46
42 12
44 21
8 30
24 9
24 4
7 1
6 23
22 45
24 12
6 20
45 47
46 13
48 18
46 8
15 3
16 48
7 2
17 28
21 16
41 43
20 4
19 30
2 22
12 50
40 44
2 45
14 9
19 31
4 42
7 36
22 49
49 42
14 26
9 4
26 35
34 50
37 24
26 11
43 46
24 42
26 45
9 18
44 33
6 41
10 19
25 39
29 32
17 34
17 5
20 15
44 27
45 14
38 40
2 3
7 9
10 12
14 22
23 25
26 27
29 30
32 35
36 37
38 39
41 42
43 45
46 49
50 95
18 23
39 40
37 10
29 18
37 41
8 45
47 45
36 19
27 30
1 50
23 44
3 26
34 46
26 24
37 38
44 37
11 12
34 3
41 3
17 15
50 26
44 47
32 36
30 35
37 46
5 26
28 14
38 34
19 34
1 22
37 12
32 21
42 14
29 1
14 3
42 28
1 41
24 39
39 31
10 22
31 16
34 7
42 48
49 40
6 4
1 31
22 43
37 47
33 13
12 27
4 19
27 25
6 16
16 24
12 13
17 29
23 38
50 48
49 15
46 17
12 44
17 2
14 12
22 48
49 33
12 10
14 9
25 20
9 41
13 15
3 39
27 45
11 14
20 14
14 21
5 36
28 9
23 35
10 20
10 26
1 2
3 7
8 9
10 13
15 16
19 20
24 28
29 31
34 36
37 42
43 45
46 47
48 49
12 26
38 50
50 94
45 14
30 49
17 29
26 16
2 32
15 6
27 43
42 16
21 33
14 12
10 43
8 3
33 26
25 30
47 18
20 36
41 33
17 49
11 39
47 17
17 22
6 18
48 38
21 12
9 2
49 38
8 47
22 32
40 28
40 26
8 37
19 42
31 40
3 38
17 6
38 45
46 44
16 21
35 29
4 43
49 19
50 36
20 50
9 38
32 4
22 44
14 18
12 4
11 26
12 40
6 41
9 34
9 22
28 31
45 35
34 30
13 7
43 44
5 4
19 12
10 14
35 44
48 42
48 45
2 24
34 11
21 10
1 48
29 33
32 40
15 30
20 22
1 16
10 32
37 6
5 13
27 42
47 5
41 36
48 20
23 3
2 3
5 6
7 8
11 12
17 18
19 22
23 24
25 29
32 34
35 36
38 39
40 41
46 48
50 96
1 44
6 37
14 12
47 33
3 28
27 4
42 24
15 29
32 5
41 5
40 3
14 9
6 40
33 29
44 15
29 20
3 39
6 43
10 2
8 46
12 7
33 20
20 6
24 23
13 23
39 24
35 18
15 25
7 15
22 43
15 21
44 32
16 18
28 47
13 9
49 30
23 27
17 31
47 32
50 4
45 16
42 37
45 14
49 19
40 26
7 45
26 21
1 3
10 21
23 33
8 44
11 14
15 43
17 1
9 6
1 21
21 12
9 41
32 2
18 11
39 32
27 24
48 19
38 7
12 4
27 17
35 11
24 7
44 48
32 23
27 47
9 27
19 8
21 42
3 7
41 18
15 8
15 4
20 2
47 20
34 15
36 19
2 3
6 11
15 17
20 22
23 25
29 30
31 34
36 38
39 40
41 42
43 44
45 46
47 50
9 24
50 95
37 24
23 42
19 13
20 43
24 45
8 45
17 14
22 23
14 24
6 50
26 14
37 34
10 2
27 16
41 50
50 43
46 16
13 5
40 43
24 40
2 24
8 28
50 27
24 39
10 18
1 37
8 7
32 28
36 6
24 35
23 3
32 45
17 41
15 43
38 37
31 17
16 13
43 44
32 18
50 3
18 37
27 22
10 9
10 30
28 29
11 1
37 11
14 5
24 13
9 36
35 44
7 35
36 40
46 20
12 8
46 49
2 23
40 25
1 39
10 3
22 33
5 16
15 13
41 44
37 27
36 13
22 7
26 11
32 33
47 43
20 25
26 2
2 12
41 48
49 2
8 29
4 3
42 16
36 41
17 40
21 11
1 4
5 7
8 10
16 18
19 20
21 26
28 30
31 34
35 36
37 40
41 45
46 47
48 50
38 44
50 96
25 3
25 50
50 32
50 23
24 28
7 26
44 2
34 18
49 3
48 29
50 43
14 47
19 32
21 19
3 35
14 37
44 4
25 1
38 21
16 46
33 49
25 15
29 25
4 31
33 3
39 10
26 3
43 29
14 4
7 40
35 26
7 13
41 45
19 16
4 47
21 3
49 21
38 44
30 25
46 13
46 11
43 24
16 1
25 49
33 5
7 45
32 17
1 7
24 39
8 6
50 12
47 18
20 16
13 49
46 44
22 28
29 26
14 36
19 11
44 29
6 16
9 18
33 23
3 15
32 38
19 29
4 15
11 6
33 13
8 4
31 19
29 5
7 14
12 37
46 33
47 2
2 16
9 48
5 20
7 47
27 11
42 46
1 2
3 5
6 7
10 14
15 17
18 22
24 25
27 29
30 34
36 38
40 41
42 43
44 47
49 50
50 94
48 24
33 42
35 48
39 41
8 13
44 28
19 25
50 45
42 45
26 28
32 23
40 16
7 48
3 2
14 9
33 45
36 38
29 42
40 19
5 17
3 41
15 1
26 14
19 29
23 18
21 44
48 40
4 30
9 1
38 13
12 13
42 40
50 8
46 1
40 14
38 43
19 1
29 5
38 17
48 8
45 2
8 22
25 42
20 24
11 31
5 4
5 36
33 6
23 38
44 17
45 18
27 13
35 46
49 48
37 47
3 26
5 46
32 48
45 3
28 34
28 42
18 10
2 38
31 12
22 41
24 32
47 4
25 29
48 23
16 24
37 30
5 44
37 22
2 32
24 29
2 30
42 10
10 14
50 44
43 41
2 4
6 7
10 11
15 17
18 20
21 22
24 25
26 27
29 30
33 34
37 39
40 44
46 49
42 50
50 98
50 44
49 2
27 39
16 44
26 42
9 50
25 36
35 49
17 44
31 33
6 27
39 34
39 8
4 37
43 31
15 28
33 5
43 26
32 13
18 2
28 18
34 49
46 16
2 31
3 14
29 30
45 36
30 48
43 47
1 44
48 31
41 15
35 45
48 17
32 21
35 26
7 3
17 8
13 36
33 42
34 13
32 38
30 44
31 9
28 17
2 30
5 46
7 17
22 16
36 11
41 9
27 4
41 24
1 14
3 28
2 20
42 6
38 1
36 48
47 17
32 9
38 29
6 12
37 22
38 13
35 28
3 35
10 20
7 5
27 20
27 5
50 20
10 30
20 48
30 17
12 29
13 14
38 37
21 38
12 28
19 6
23 39
40 36
1 2
7 11
12 13
14 16
17 19
20 23
24 25
26 27
29 31
33 34
35 37
40 41
42 43
44 48
49 50
50 92
14 22
38 22
30 17
21 38
13 37
16 20
21 44
40 27
13 1
18 35
25 30
9 17
12 24
34 20
15 6
41 45
16 26
46 22
38 9
46 10
4 48
16 47
25 34
41 4
10 16
34 31
39 23
9 31
17 24
18 33
18 38
21 8
39 6
30 20
12 31
11 48
9 6
5 47
39 14
24 40
40 5
50 14
13 17
36 50
11 10
18 12
15 45
37 1
25 18
50 2
23 3
48 6
7 26
15 4
44 22
29 17
10 2
27 35
33 12
34 38
46 32
20 18
3 44
6 35
35 47
20 32
39 49
8 15
14 31
49 22
37 7
31 6
46 25
12 22
38 19
22 43
28 30
49 21
50 24
34 39
42 33
4 12
13 19
20 22
28 29
31 33
34 36
37 39
40 42
43 44
47 48
17 49
50 95
5 45
44 23
10 32
40 8
29 24
10 43
26 13
42 14
46 14
35 19
30 32
16 41
18 31
8 45
24 32
34 44
17 18
6 9
34 28
30 21
32 8
34 26
33 19
32 45
25 1
19 29
9 5
24 41
50 16
17 14
11 46
16 32
4 34
49 45
22 18
1 36
38 49
32 46
21 37
14 48
37 19
32 9
24 2
10 8
18 12
34 19
27 4
16 34
17 8
24 8
18 36
50 15
7 24
30 19
25 17
43 11
12 41
15 39
18 13
23 17
1 11
5 48
21 31
5 6
39 8
4 37
22 32
28 2
40 36
35 15
22 2
45 44
29 27
49 22
36 16
15 36
13 16
16 22
45 2
49 15
3 29
20 22
47 10
1 3
4 7
8 9
11 13
15 16
17 20
21 32
33 36
37 38
41 42
44 46
30 47
50 94
28 11
16 27
15 11
21 44
27 17
19 8
40 29
26 22
43 22
46 39
22 16
18 1
48 35
40 5
47 25
44 1
40 11
3 17
42 33
32 41
16 33
44 22
33 8
33 1
25 44
12 37
11 12
7 39
35 25
46 42
10 14
5 26
29 4
17 6
32 49
22 29
39 31
48 30
9 49
4 27
25 38
39 26
41 47
27 41
4 19
15 7
22 36
11 18
45 3
46 29
17 50
40 47
2 19
38 35
8 11
19 27
31 18
29 19
5 20
28 40
40 7
40 37
14 2
43 42
7 25
37 41
38 32
29 25
2 31
31 12
8 20
21 28
1 24
10 4
19 9
15 47
17 24
18 26
5 30
11 43
13 12
23 38
34 18
2 6
11 13
15 16
17 18
23 27
28 32
34 35
36 37
40 42
43 45
46 50
50 96
29 11
8 41
47 24
15 47
39 10
29 15
30 16
1 29
35 41
1 17
11 46
23 43
3 9
31 7
43 49
1 18
39 17
41 27
30 41
16 20
15 5
27 30
34 46
44 12
28 35
27 31
10 27
49 39
37 30
41 28
5 24
45 31
25 47
28 20
23 33
47 32
30 33
45 11
16 42
32 35
6 4
43 15
44 10
9 35
20 33
2 34
24 9
50 37
50 28
44 19
27 39
36 12
30 32
19 7
14 5
41 14
43 37
9 19
39 1
22 44
17 44
33 26
18 23
6 26
38 17
3 11
36 21
42 28
48 17
3 36
9 42
10 17
17 25
25 31
2 23
11 18
31 39
15 45
50 44
8 45
13 46
40 46
3 4
5 9
11 13
15 16
17 18
19 20
21 22
24 25
27 28
29 31
32 36
37 38
40 42
48 50
50 95
1 35
9 7
50 7
19 36
31 11
11 24
46 33
39 19
40 19
27 40
14 24
49 11
31 4
42 22
25 15
30 12
7 21
2 25
22 33
46 37
47 27
4 34
32 27
11 41
49 32
46 9
40 21
25 30
32 22
29 5
7 8
4 20
21 39
37 47
6 34
17 13
9 28
14 19
37 2
31 46
23 33
33 36
15 10
32 41
19 30
19 22
48 19
45 12
27 13
21 34
17 24
30 1
6 16
32 20
31 32
24 46
11 35
44 13
14 18
23 22
38 28
37 35
41 45
30 24
2 36
13 15
24 26
24 44
50 49
38 24
5 15
42 19
4 25
40 35
39 29
44 22
40 20
42 15
23 49
29 4
3 34
43 1
1 2
3 4
8 9
10 11
14 15
16 18
20 23
26 29
30 36
39 40
41 42
43 44
46 48
50 97
24 4
28 35
2 10
24 46
45 41
36 28
42 25
15 35
22 37
35 39
45 3
3 36
7 41
34 38
40 21
2 22
26 7
7 48
32 31
45 40
9 5
16 8
33 38
44 26
14 2
2 1
48 17
42 29
1 49
48 30
42 10
18 12
26 31
44 36
30 2
46 18
18 44
20 29
29 25
34 3
43 42
43 26
39 50
22 49
1 19
47 41
42 7
21 14
17 29
33 8
26 34
14 41
15 34
23 25
27 21
15 24
22 16
41 42
21 1
27 47
30 28
28 5
3 1
40 38
8 44
47 43
46 38
2 48
44 22
14 44
8 11
10 22
4 33
12 22
1 23
30 39
12 43
49 43
5 24
38 9
6 17
13 34
5 6
10 11
12 13
15 17
18 19
20 22
25 26
32 33
34 35
36 37
38 39
40 41
43 45
46 47
49 50
50 91
12 25
41 14
25 41
49 12
21 22
12 34
47 49
42 13
27 12
10 25
48 11
21 9
41 15
4 20
11 25
6 13
4 31
47 42
47 40
48 28
21 29
35 9
46 43
23 33
27 34
31 30
28 9
12 17
15 40
21 5
43 11
15 9
33 26
1 27
8 6
35 2
20 14
18 38
24 4
48 36
49 50
44 31
36 33
48 4
7 33
14 32
48 19
5 39
14 48
9 1
18 2
18 46
23 42
14 30
38 19
18 43
45 25
47 6
1 15
42 40
28 34
43 40
4 41
8 22
23 45
30 6
44 1
26 45
18 15
30 43
6 50
14 12
20 29
11 34
23 20
28 15
21 17
15 39
1 25
37 31
3 48
16 3
1 4
6 7
9 10
15 16
18 21
24 27
32 37
43 45
48 49
50 96
6 17
11 30
25 16
26 21
39 26
17 13
44 16
44 5
43 31
39 33
48 40
4 44
48 46
3 28
33 38
29 15
22 43
15 6
39 47
34 27
12 11
36 4
17 26
29 26
25 49
47 2
41 48
36 5
27 9
34 25
46 22
4 11
11 18
26 35
41 21
31 18
26 27
45 29
9 39
40 19
35 21
36 14
50 34
45 36
21 13
1 17
8 17
34 19
25 2
41 27
6 25
36 2
33 26
43 2
32 4
5 39
5 31
31 37
31 12
28 48
16 37
36 44
45 9
16 35
37 3
24 48
3 42
29 37
14 17
42 19
46 20
6 36
46 12
23 44
12 6
13 7
4 39
50 17
3 26
34 39
10 46
1 4
6 7
8 9
10 13
17 19
20 23
24 25
30 31
32 33
34 35
36 38
39 41
43 44
45 46
48 49
50 93
16 17
21 5
40 44
41 3
33 32
28 14
39 9
23 18
8 42
38 14
10 31
11 41
45 48
3 37
19 15
33 17
46 35
15 11
9 32
42 23
35 44
22 1
16 14
29 6
8 6
11 21
46 14
46 3
8 27
1 48
13 2
11 45
19 49
11 22
2 30
37 12
45 3
46 6
22 7
35 8
24 42
32 45
20 50
19 46
7 19
41 39
22 10
19 31
13 11
42 19
30 11
3 11
11 47
14 40
6 50
46 43
39 42
45 22
27 30
5 23
33 27
20 45
23 12
44 25
25 24
48 21
18 48
40 4
22 15
49 31
32 5
35 26
40 26
28 7
27 28
2 49
21 44
18 9
30 14
10 20
34 49
36 4
2 3
5 7
9 10
11 18
20 28
29 31
33 34
36 38
39 43
15 41
42 47
50 93
32 38
49 32
31 38
43 7
22 40
6 14
9 18
34 2
44 38
17 38
29 9
32 16
33 23
8 40
41 35
29 10
31 12
2 21
15 16
47 40
40 26
46 9
9 31
16 47
20 48
12 1
6 18
1 15
30 3
44 39
50 25
2 16
2 6
40 35
18 42
22 24
31 34
11 43
7 46
41 48
5 39
36 12
39 1
31 46
19 7
3 34
46 34
48 35
41 12
4 32
40 36
40 15
5 9
7 24
9 11
15 32
1 22
8 27
2 1
11 3
5 26
43 38
27 4
2 28
6 31
17 21
21 18
28 16
5 1
7 21
17 25
13 49
15 3
4 10
35 4
6 17
9 19
43 9
12 9
22 21
37 11
45 9
6 7
12 13
14 15
16 20
21 23
30 32
33 37
38 39
40 41
42 45
48 50
50 97
44 29
5 7
40 17
39 36
36 21
48 45
23 41
21 49
3 11
34 4
47 11
30 14
40 23
38 16
27 4
38 1
41 8
36 20
40 32
14 12
3 34
47 9
41 34
18 3
23 25
24 27
1 23
9 23
36 40
6 26
30 24
10 18
3 13
26 7
3 1
13 27
8 1
9 26
42 45
11 33
31 43
10 33
37 43
7 48
13 33
48 35
41 37
1 22
6 27
42 5
4 16
2 42
22 7
39 33
16 17
11 5
34 23
36 34
17 31
13 6
27 18
48 24
21 4
9 16
36 30
8 31
14 15
33 8
20 41
33 17
3 32
27 2
37 35
35 5
27 8
38 3
38 27
20 10
3 40
8 35
19 7
28 37
46 39
50 20
1 6
7 10
12 15
18 19
21 24
25 26
28 29
30 31
34 39
40 41
42 44
46 49
14 50
50 93
41 6
45 21
2 50
36 3
40 17
44 4
20 38
13 43
33 4
8 18
41 27
26 1
23 1
36 26
3 31
25 15
42 27
19 3
15 13
43 27
27 19
47 1
11 26
30 45
36 31
35 49
34 10
10 38
6 38
16 42
31 27
27 35
40 25
46 33
25 1
35 1
28 41
42 34
18 32
46 24
35 38
22 25
41 18
29 36
40 8
32 21
22 44
34 50
16 9
21 13
24 26
41 20
38 4
42 1
12 46
24 35
16 48
41 15
8 20
14 10
1 29
9 20
34 14
44 39
20 44
1 5
28 7
7 12
39 9
38 15
28 31
19 46
4 37
29 49
17 22
23 47
4 13
48 44
25 6
41 26
2 3
4 5
6 8
9 10
11 16
18 19
20 21
22 24
25 26
28 29
30 35
37 40
41 44
50 93
1 49
42 37
5 34
28 21
47 41
18 27
12 31
8 29
11 42
14 33
6 7
13 24
5 32
22 5
30 45
25 13
31 34
24 45
47 19
50 35
33 48
37 14
40 27
16 35
33 28
6 20
48 3
34 16
46 36
36 32
6 30
10 18
18 46
50 17
39 44
24 42
12 16
9 20
38 43
21 5
41 20
11 34
23 48
9 43
44 4
50 8
7 41
26 3
7 23
32 1
18 33
11 23
33 7
36 34
4 20
20 45
36 21
47 1
8 16
38 44
50 31
48 1
39 11
10 2
32 50
9 15
12 10
42 28
43 29
41 30
37 41
47 49
35 14
2 6
29 30
47 29
44 33
18 39
9 1
23 22
1 8
10 14
15 17
18 19
20 21
24 25
26 28
31 35
37 39
40 41
43 45
47 50
12 34
50 80
40 44
10 2
14 30
2 49
8 14
15 40
6 14
26 28
38 5
38 26
17 43
25 22
21 39
27 29
4 12
45 28
50 15
10 32
28 19
2 40
46 37
3 35
11 20
45 38
24 46
13 41
36 5
38 13
37 26
10 16
33 42
5 10
22 38
41 46
7 27
36 10
18 9
3 46
32 50
24 23
49 22
1 33
37 2
3 48
1 31
44 36
48 30
9 10
2 22
50 38
2 42
9 36
29 28
25 38
46 42
42 34
37 47
25 8
13 23
39 11
31 29
16 31
36 28
20 45
24 21
25 31
32 30
23 9
35 33
7 49
21 43
10 48
4 41
32 22
2 24
43 41
25 34
22 20
10 7
44 35
50 95
22 6
22 42
16 10
8 25
18 37
17 31
41 13
25 4
45 4
27 9
16 37
38 39
13 9
49 13
32 17
41 34
33 46
44 16
16 29
38 46
21 3
45 29
43 29
2 31
23 36
7 32
24 40
20 12
28 2
35 38
20 13
39 9
10 1
15 7
35 7
30 1
43 28
10 45
32 6
28 32
33 43
9 16
34 18
42 6
40 8
10 15
6 3
23 48
48 21
12 7
37 38
31 22
36 5
48 19
2 41
11 17
46 14
41 15
13 15
15 11
42 44
19 8
1 34
9 35
27 43
26 37
5 2
26 31
46 20
25 18
5 15
25 7
38 6
7 4
12 18
34 37
43 18
43 2
20 21
6 29
47 17
50 41
1 2
4 5
8 9
12 13
14 16
18 21
22 24
28 30
35 37
38 41
42 45
47 48
49 50
50 95
15 8
16 49
44 28
10 1
39 47
4 41
46 8
48 13
13 49
32 31
40 5
27 3
36 48
39 28
16 42
2 11
13 7
9 20
38 12
25 1
47 13
28 19
40 4
17 18
35 49
18 20
28 31
6 7
11 36
49 1
43 32
1 9
33 32
6 50
30 2
24 41
31 6
20 11
9 23
3 34
16 35
47 30
35 23
31 22
35 5
43 15
40 44
33 47
22 38
48 4
18 10
17 30
22 23
28 30
11 31
15 34
33 6
47 28
24 6
1 2
48 46
30 40
38 5
24 35
15 18
30 13
19 15
44 2
37 24
29 7
27 21
1 18
46 38
7 32
50 39
20 49
16 25
21 14
27 14
36 19
26 4
45 32
5 6
9 12
13 15
18 19
22 26
27 29
31 33
35 36
37 39
42 44
45 46
47 49
23 32
50 93
3 36
33 42
46 45
6 43
11 41
37 18
5 46
5 24
37 39
12 46
39 31
15 24
29 13
1 22
37 4
18 27
39 14
46 13
7 48
44 42
3 25
27 46
50 33
23 26
45 24
41 6
17 5
29 31
2 8
4 26
23 27
25 14
12 29
48 14
22 17
8 17
36 23
31 20
47 11
10 5
36 46
13 1
4 35
9 10
18 6
49 25
36 11
41 26
28 12
43 27
9 34
22 26
20 2
21 11
19 46
4 13
6 39
7 17
3 13
48 16
30 22
5 23
43 3
40 26
16 9
47 48
33 32
29 2
4 11
2 5
40 42
18 35
29 41
37 3
13 35
40 24
48 6
36 26
44 6
35 25
38 24
3 4
9 11
12 14
15 19
21 24
28 29
30 31
32 34
36 38
40 43
46 48
49 50
50 94
33 48
17 29
27 23
36 1
18 19
4 41
19 47
15 8
24 4
27 50
29 10
27 48
22 38
27 21
43 41
33 35
34 33
10 25
27 31
19 15
6 38
5 42
18 21
4 28
3 9
16 8
31 42
17 48
38 39
10 49
6 31
28 5
50 19
28 22
19 4
6 14
39 42
40 49
22 1
14 32
48 3
17 27
13 28
12 33
34 5
5 3
17 23
31 20
40 6
47 39
8 13
1 8
15 33
7 24
44 39
45 7
37 46
7 38
48 47
24 18
22 33
21 24
8 29
34 4
38 24
31 12
11 25
22 10
20 1
10 2
23 35
49 35
9 15
21 20
30 43
31 8
22 25
16 13
7 17
3 44
26 45
2 4
10 11
13 17
18 20
23 24
25 26
29 30
32 34
35 36
37 38
42 46
47 49
19 48
50 98
12 32
6 1
9 44
41 8
27 3
5 42
23 49
10 41
17 6
31 6
13 22
28 8
19 27
12 5
29 27
14 32
48 14
20 28
30 17
47 24
34 6
2 3
47 32
23 19
43 19
45 26
23 46
37 22
16 44
46 13
46 50
3 33
29 6
30 43
24 7
37 28
16 47
22 39
38 8
21 27
1 15
42 44
50 38
27 28
11 44
38 34
2 7
11 33
41 25
24 13
3 12
3 50
4 34
11 25
36 38
12 47
21 32
1 26
40 46
43 46
28 31
40 39
9 24
34 44
14 34
5 8
50 39
38 9
7 33
27 50
17 8
14 24
1 11
31 27
33 15
42 8
8 21
37 48
27 16
36 30
18 42
35 18
3 4
5 6
7 8
9 10
13 16
17 19
20 21
22 23
24 28
30 31
34 35
37 38
39 41
43 44
45 46
49 50
50 96
43 48
44 3
24 41
39 15
3 48
17 37
50 19
32 48
45 29
13 11
4 7
25 45
30 25
38 31
50 21
46 39
22 26
28 7
16 1
10 19
9 7
3 14
15 26
28 41
28 43
32 28
25 20
38 13
31 19
39 1
9 41
26 27
29 39
24 23
50 44
40 23
42 31
9 8
24 33
1 4
19 20
40 24
23 4
49 2
5 33
6 19
6 44
31 20
36 46
23 11
26 33
3 6
23 43
6 25
20 37
5 50
49 26
24 20
35 11
49 3
15 46
28 22
47 49
48 16
24 5
39 4
29 24
35 22
32 27
24 44
31 24
25 31
26 8
41 18
43 17
21 43
44 28
42 39
42 25
49 36
12 31
34 12
1 2
3 5
7 10
11 14
15 18
19 22
23 29
30 31
32 33
34 42
43 44
46 47
9 20
24 49
50 94
9 34
27 15
30 18
24 31
13 47
24 36
25 22
5 2
38 31
29 35
7 12
26 46
44 35
18 11
15 48
11 35
34 3
28 50
40 39
34 14
38 2
38 16
19 50
17 25
8 19
35 14
27 36
45 33
14 8
43 23
50 14
46 3
13 20
7 45
44 23
22 13
26 49
46 31
21 2
16 5
48 21
26 47
37 20
48 2
40 6
1 21
28 33
41 45
20 30
19 5
10 44
50 30
18 14
33 49
27 7
26 11
31 37
35 15
16 1
31 6
49 11
48 29
1 6
23 28
26 9
1 28
26 14
11 40
30 4
21 44
4 37
20 39
16 45
2 12
26 20
13 1
15 33
18 4
31 5
2 22
32 46
42 50
1 4
6 7
10 11
17 19
20 22
23 26
27 32
34 35
37 38
40 41
42 43
49 50
50 99
46 38
32 9
15 43
43 2
11 21
12 15
36 43
41 34
42 11
50 21
2 34
23 22
41 45
45 35
29 40
26 15
33 23
31 28
22 36
17 34
26 21
46 49
45 7
11 27
49 2
36 41
42 32
25 39
31 32
7 33
31 20
9 10
16 36
44 49
11 23
22 27
3 22
40 32
18 48
45 42
20 43
15 16
7 26
49 31
18 27
22 47
34 46
1 26
29 45
48 13
26 27
19 44
42 10
46 30
11 36
42 30
33 8
5 46
46 43
4 28
21 6
4 8
28 16
12 13
19 31
44 43
17 50
20 6
3 27
7 48
10 38
19 23
4 31
49 8
35 32
6 48
7 22
32 17
46 9
48 23
14 24
37 34
1 2
4 5
6 7
8 9
10 11
14 16
17 19
20 23
24 25
26 28
33 34
36 37
39 41
42 44
45 46
47 48
27 49
50 96
25 23
11 43
44 6
17 7
49 32
2 47
41 29
25 14
31 14
39 9
30 43
32 11
10 30
30 45
2 31
8 7
43 2
39 43
46 3
38 40
33 2
29 32
11 19
26 13
17 8
46 8
38 22
12 40
19 12
47 12
11 49
29 10
20 45
44 47
48 35
5 20
31 42
36 35
5 44
5 6
38 39
14 41
10 15
36 44
37 19
10 25
17 2
43 41
14 19
31 36
34 15
2 11
33 27
38 45
28 41
34 38
16 4
27 46
50 32
44 45
45 39
30 1
20 19
28 38
22 45
17 9
2 34
15 23
37 49
39 7
26 38
49 45
13 1
11 27
14 11
38 31
45 33
5 31
27 8
28 44
18 2
21 22
24 39
3 4
7 11
12 14
15 16
18 19
20 21
22 24
25 28
29 33
34 36
42 43
46 47
48 50
50 97
42 27
26 46
46 32
50 1
38 43
23 26
30 17
28 31
20 24
40 38
47 44
37 17
27 19
8 2
6 33
24 12
9 44
1 40
28 36
30 50
14 35
15 30
45 27
19 5
17 18
20 1
10 30
47 17
16 45
37 21
50 25
23 24
37 50
17 21
25 19
39 32
48 50
22 43
21 8
1 28
35 12
10 2
30 27
17 48
37 38
49 46
46 37
23 12
18 11
25 21
17 36
35 11
46 36
1 12
49 34
1 48
33 15
18 33
8 47
39 9
19 10
8 20
40 9
13 22
27 13
17 5
47 1
12 32
11 38
22 50
7 31
22 19
38 14
38 46
27 10
43 4
6 15
20 5
6 45
7 17
3 15
29 25
41 23
1 3
4 5
6 9
11 12
16 17
18 19
24 28
29 30
32 33
34 35
36 37
40 41
42 43
45 48
50 97
33 25
5 34
35 32
39 24
46 18
18 1
40 12
45 20
29 14
46 35
30 17
43 34
42 25
44 28
11 22
48 32
3 31
40 49
10 40
46 28
36 40
47 31
17 19
36 45
21 11
43 42
24 4
8 10
14 22
13 12
35 18
11 25
42 40
18 41
22 30
40 15
33 46
12 31
8 42
10 45
32 9
18 5
50 40
2 6
10 18
5 35
19 10
5 46
27 29
38 10
44 50
40 46
43 28
35 13
33 23
14 46
31 23
27 47
40 21
11 31
48 7
13 25
38 40
24 16
31 27
16 28
12 24
33 32
23 39
35 21
49 12
8 45
30 48
22 4
15 17
50 18
34 15
28 49
1 38
35 48
26 31
37 4
2 3
4 6
7 8
9 12
13 14
15 18
20 21
23 26
27 28
30 31
34 35
37 38
41 43
46 49
17 50
50 95
20 46
10 14
24 39
24 23
5 32
33 30
3 13
6 24
41 5
9 31
38 33
20 45
33 19
44 2
48 22
29 20
24 27
24 29
4 7
23 37
40 17
34 5
46 4
30 26
2 19
3 20
48 23
49 19
19 23
30 43
50 36
36 16
3 8
35 1
5 29
39 17
25 1
29 40
37 6
15 43
14 48
12 23
29 8
21 30
28 45
36 42
12 32
44 23
18 50
38 39
43 17
40 26
39 8
47 40
37 42
8 21
8 13
1 28
40 5
15 39
25 42
43 37
35 46
41 47
29 26
1 49
32 4
46 11
6 21
32 42
45 49
45 1
9 6
46 14
2 23
35 3
36 48
41 6
44 31
29 47
1 2
4 5
6 7
8 10
11 14
16 17
18 21
22 23
24 26
27 29
33 34
35 39
40 41
44 46
47 49
50 93
39 50
7 37
37 9
48 19
5 36
26 20
4 24
38 36
29 6
4 11
45 4
46 2
32 40
50 30
47 26
32 19
12 18
48 26
28 39
40 8
18 39
8 39
14 43
16 48
20 4
11 18
27 23
20 43
18 47
22 49
50 14
50 48
27 46
50 31
21 34
18 48
6 13
5 26
26 3
43 25
1 17
27 44
49 30
25 11
10 26
20 11
41 31
10 11
36 24
49 18
16 39
18 19
35 1
15 12
23 42
4 15
6 26
10 30
46 38
34 13
2 10
44 16
32 13
17 15
37 36
43 4
4 37
14 47
46 5
1 4
19 1
3 49
30 37
16 21
39 5
37 2
20 23
40 24
16 34
24 20
33 13
2 6
7 9
11 14
15 16
18 22
23 26
27 28
29 32
33 34
35 40
41 42
45 47
50 94
15 33
36 44
21 22
37 6
20 48
47 50
37 22
5 12
38 16
22 43
36 40
31 36
50 4
25 40
2 39
11 45
3 26
19 33
22 27
42 24
4 15
1 32
20 26
39 34
15 46
22 10
49 46
16 9
19 39
38 46
38 27
10 39
38 18
44 7
26 27
31 42
25 9
28 22
48 5
13 26
3 38
45 28
37 20
21 12
1 15
25 13
37 30
19 6
1 19
4 43
35 41
18 48
28 39
4 10
21 19
1 22
9 11
13 43
2 17
15 34
9 4
30 2
5 34
29 28
36 38
43 41
32 23
8 24
8 26
34 16
39 26
19 30
9 33
24 38
32 42
10 3
46 42
17 47
4 29
43 50
14 46
2 3
5 7
9 13
14 15
16 20
21 23
24 25
27 30
32 33
35 38
43 46
48 49
22 50
50 90
10 27
37 39
47 6
32 7
38 32
19 8
4 25
24 17
22 45
21 14
32 30
45 39
22 19
6 25
3 33
20 17
49 2
46 36
9 41
26 28
22 28
32 1
7 37
18 30
7 26
34 47
28 4
30 42
34 35
23 7
8 3
48 32
24 48
18 37
34 15
48 21
16 12
13 8
38 11
11 20
21 41
29 27
41 19
25 33
42 48
4 8
3 22
33 32
26 41
17 2
15 17
1 35
11 14
19 43
12 10
29 6
30 5
10 6
21 15
36 48
7 35
17 43
49 1
31 44
6 48
35 2
33 50
16 49
27 44
8 22
17 40
31 2
3 6
1 34
32 23
3 47
18 49
16 7
10 46
28 35
3 4
5 8
9 11
13 15
16 18
22 25
26 27
32 35
37 40
47 50
50 90
19 29
18 43
50 8
19 35
34 48
19 14
35 16
11 33
25 38
18 21
15 47
8 23
7 40
15 14
17 18
8 46
17 10
10 25
15 49
46 33
26 12
24 4
16 40
4 38
43 5
2 20
32 40
17 36
47 6
16 23
35 42
39 46
11 44
50 5
10 26
34 5
23 1
47 13
2 4
25 42
40 17
48 35
5 29
20 14
13 31
38 34
8 11
13 49
39 24
27 8
28 32
1 12
49 46
45 34
31 12
50 41
16 7
16 36
28 44
11 9
48 27
15 34
22 36
50 23
14 32
20 19
9 27
42 33
18 48
33 41
49 11
48 3
40 12
45 2
16 31
21 2
33 9
11 10
33 30
30 47
37 25
3 4
6 8
9 13
20 22
27 31
32 34
36 37
38 40
42 48
50 94
25 45
46 9
26 32
22 30
4 44
10 32
16 18
49 35
50 20
41 2
19 46
21 12
28 14
16 30
3 49
10 2
9 8
36 8
41 20
33 27
6 39
24 21
26 29
24 15
20 29
21 46
32 2
41 7
24 27
12 41
17 13
31 50
1 49
9 21
24 12
26 3
3 12
20 10
15 13
16 37
7 3
28 38
41 25
40 49
37 15
21 36
44 47
20 44
20 19
15 18
25 33
26 4
50 17
4 28
3 16
41 18
32 13
32 29
47 23
41 36
48 47
42 17
35 30
39 35
5 38
33 31
29 22
25 19
41 45
6 11
28 42
6 24
17 21
34 49
43 4
21 50
50 26
37 33
29 24
1 3
2 5
6 9
10 11
13 14
18 19
21 23
26 30
32 34
35 36
37 40
43 44
46 47
48 49
29 50
50 94
43 41
41 46
1 14
40 29
17 9
39 20
23 11
27 23
32 29
30 13
20 14
31 32
41 39
50 11
20 46
50 41
14 37
9 35
36 13
9 37
14 45
11 2
9 1
28 16
3 30
8 39
33 7
11 3
12 34
37 20
2 4
13 50
10 3
3 1
36 46
18 12
14 24
3 8
20 11
37 21
20 19
31 45
50 47
25 45
27 45
34 2
50 32
31 50
37 35
41 19
32 16
18 49
17 22
46 31
17 8
28 37
36 35
8 14
13 24
35 3
26 41
45 39
10 48
6 25
26 43
5 34
50 37
8 42
50 25
16 30
16 21
30 36
47 25
37 33
16 14
30 48
9 3
17 33
18 28
40 37
15 5
38 1
44 33
2 3
4 6
7 8
9 11
14 15
16 18
22 28
30 34
37 38
42 44
45 49
50 95
33 36
33 29
21 38
26 42
9 6
22 45
44 12
23 42
3 25
41 18
12 27
9 33
33 14
10 38
42 3
21 8
17 31
7 22
31 7
50 36
20 2
5 22
12 16
40 20
11 47
13 1
39 25
47 10
32 20
18 37
30 25
38 28
6 24
6 15
8 35
26 44
41 10
12 42
19 40
36 16
44 27
33 28
34 45
8 4
48 11
34 19
17 43
9 5
40 23
32 31
26 1
45 10
13 22
36 19
13 24
37 11
40 14
16 33
21 34
43 21
21 29
49 42
27 10
3 23
34 6
41 22
17 25
30 46
42 33
19 42
8 6
14 16
40 25
4 40
12 9
17 22
26 24
50 25
8 26
47 9
2 3
6 10
11 12
13 14
15 20
21 23
24 27
31 33
35 38
39 41
42 44
45 46
47 48
8 9
26 49
50 95
3 39
19 49
24 47
39 16
22 39
30 39
45 30
9 37
36 41
50 20
21 36
4 28
28 24
19 39
39 36
7 17
45 6
4 44
35 8
39 47
16 25
4 5
43 45
3 28
4 2
33 50
30 38
26 6
24 19
22 20
35 41
24 30
15 9
29 19
37 28
19 6
31 43
49 17
1 43
41 38
47 18
20 35
28 19
23 38
34 46
13 43
8 48
24 33
31 32
13 41
7 47
50 43
9 18
50 32
11 27
33 12
47 40
24 48
21 11
16 9
45 31
2 3
1 25
18 49
11 15
42 46
25 44
44 43
25 23
11 20
8 46
2 46
27 43
13 9
11 36
27 23
9 7
46 10
42 18
7 33
14 7
2 5
6 7
8 10
11 12
13 14
16 23
26 27
28 29
31 34
35 38
39 40
43 46
47 49
3 44
50 94
33 47
32 35
6 19
4 40
36 23
33 41
27 28
11 10
27 36
2 33
48 44
25 7
30 27
46 21
19 29
14 49
18 22
21 12
20 24
42 2
33 36
33 34
4 16
6 43
31 5
31 25
31 30
3 24
12 45
25 20
13 7
40 14
3 23
50 1
3 9
43 23
24 40
14 10
31 43
13 42
45 48
1 28
12 5
29 35
35 8
44 21
23 1
32 12
33 40
11 45
24 18
36 45
22 20
36 21
48 25
9 33
28 22
11 7
23 50
31 1
18 14
4 21
41 42
37 9
47 15
18 6
36 11
26 4
10 41
10 44
31 21
17 31
12 17
3 48
38 22
11 21
26 21
29 48
50 8
7 3
39 41
3 6
9 11
12 15
16 20
23 27
28 29
31 33
34 35
37 38
39 42
43 44
46 48
49 50
50 94
42 29
17 45
46 30
37 14
42 32
11 38
34 41
29 3
7 13
23 38
39 46
5 4
43 17
46 14
1 42
5 37
37 50
1 34
29 12
25 28
29 35
11 32
28 29
14 19
26 29
32 34
46 36
19 23
29 47
12 47
6 20
32 8
43 25
35 39
24 38
7 36
31 36
39 44
24 19
36 43
38 35
10 13
34 12
15 9
30 34
49 9
20 28
16 50
50 33
29 36
5 16
11 49
22 13
5 8
32 39
11 43
19 39
24 32
49 40
17 26
40 34
26 16
31 37
35 6
39 31
27 6
49 37
6 13
32 22
15 7
1 21
29 24
25 30
50 29
49 2
31 43
4 37
31 27
42 40
2 5
18 33
48 40
1 3
5 7
10 12
14 16
17 18
21 25
26 28
30 31
32 36
41 43
44 45
48 49
50 97
31 36
7 9
37 40
28 27
47 26
20 28
30 33
10 42
43 6
42 27
33 43
10 41
11 35
38 40
47 44
43 21
5 37
39 21
14 26
12 28
40 19
33 4
47 39
13 29
37 39
1 36
8 44
26 48
23 28
37 21
41 22
38 23
23 12
48 21
8 32
39 19
31 29
13 32
24 25
36 37
42 28
21 29
5 26
35 2
9 37
33 48
5 1
12 36
27 33
24 18
25 37
34 1
6 36
48 11
36 7
22 25
7 20
25 42
32 40
45 6
39 50
49 32
15 18
17 21
7 25
23 26
36 34
46 30
13 41
18 2
31 35
40 44
46 15
11 25
8 13
31 32
8 48
17 3
17 9
34 42
16 11
1 3
4 5
6 9
12 14
16 17
18 26
27 29
32 33
34 35
36 39
40 41
42 43
44 45
47 48
49 50
28 37
50 91
33 49
38 16
45 27
46 30
19 24
17 28
6 12
45 41
33 3
24 15
22 12
48 14
17 4
44 6
39 45
44 12
12 30
15 3
42 41
44 29
36 27
2 25
33 26
24 38
43 22
9 23
3 39
31 2
12 8
34 50
47 36
45 15
45 37
37 36
8 13
3 22
50 45
35 43
5 36
10 46
41 22
23 27
19 40
28 39
18 6
40 5
43 12
28 23
33 45
28 43
11 46
21 2
35 34
42 13
29 19
16 17
21 32
28 41
6 45
24 11
10 3
26 7
13 20
37 48
30 35
18 33
4 47
28 27
44 26
27 42
46 27
1 32
2 47
18 41
43 19
23 2
29 16
16 40
3 9
30 17
1 2
7 13
14 15
18 20
25 26
29 31
33 35
37 39
40 41
42 43
47 49
50 97
37 48
35 22
10 4
39 18
46 1
17 29
40 20
46 37
10 3
10 50
28 1
13 26
33 39
5 25
32 23
45 4
5 33
22 24
12 25
21 20
44 24
18 5
39 27
9 30
18 32
15 20
36 50
26 3
28 44
17 14
26 7
19 22
40 14
18 15
32 11
20 43
23 22
47 1
36 40
43 1
26 25
27 22
19 21
42 5
5 35
5 49
7 40
50 4
42 49
49 20
28 37
38 37
49 38
2 9
46 11
17 46
25 21
19 31
25 14
3 28
33 7
8 3
6 40
33 50
45 19
10 15
44 26
24 35
43 19
18 13
36 17
13 46
41 15
49 16
8 31
11 34
3 41
17 10
15 16
50 30
2 3
4 6
7 10
11 12
13 14
15 17
18 19
20 22
24 25
26 29
32 34
35 36
39 40
43 44
46 47
48 49
21 50
50 96
42 13
28 8
10 7
7 50
12 14
29 39
12 3
10 50
29 6
45 1
40 3
10 19
50 38
14 48
16 6
12 31
3 46
30 1
46 13
46 4
32 4
44 4
17 42
40 38
29 1
45 42
44 24
27 4
50 29
6 19
35 16
41 13
15 39
40 48
15 37
29 2
30 12
5 34
48 11
14 43
47 1
3 42
33 17
22 50
3 13
26 19
20 3
6 23
16 24
45 37
13 30
23 31
41 30
8 36
16 15
21 18
22 27
10 11
39 32
11 47
37 39
5 39
36 31
21 11
27 12
42 36
48 19
46 2
42 37
23 35
48 12
37 13
48 18
18 22
10 27
33 12
27 26
30 8
33 29
22 32
9 2
25 38
49 30
2 8
9 10
12 15
18 20
23 25
27 28
31 32
33 34
36 37
38 39
40 43
45 49
14 50
50 100
16 15
1 10
10 22
40 31
8 3
4 39
3 19
39 8
24 31
34 13
33 35
2 11
31 11
49 40
32 4
6 29
12 6
28 21
44 47
10 35
22 6
46 22
30 13
20 23
46 3
48 41
10 23
7 1
20 34
48 44
10 21
9 35
39 35
41 21
7 43
39 10
40 19
48 18
24 23
48 15
1 19
48 2
38 7
23 18
38 12
16 50
35 2
3 41
45 23
20 22
39 50
14 8
45 30
47 21
43 3
2 4
11 7
14 4
48 50
46 34
5 44
48 43
22 28
49 13
19 41
33 10
47 38
26 4
25 16
34 39
19 4
30 3
32 44
4 21
14 27
29 20
40 1
44 37
28 11
12 33
17 50
36 34
42 49
4 5
6 8
9 10
12 13
14 16
17 19
21 22
23 25
26 27
28 30
31 33
34 35
36 37
38 42
43 44
46 47
48 49
50 95
27 38
27 15
19 44
28 39
21 8
33 15
50 17
5 31
20 43
45 39
50 25
21 45
30 1
11 15
39 42
15 7
35 50
6 15
20 48
22 27
6 7
20 15
14 29
45 11
23 46
31 7
17 3
40 29
29 15
45 37
12 29
49 47
8 26
23 2
12 1
16 25
33 23
1 47
27 50
41 11
28 9
48 7
41 18
43 5
11 26
6 29
13 29
48 15
28 26
12 30
46 37
5 9
41 5
26 41
31 3
11 24
16 22
50 3
4 12
44 15
17 25
31 46
17 8
20 4
16 34
8 36
7 38
21 48
21 28
28 30
17 18
33 16
38 2
37 31
24 9
42 2
22 40
14 8
49 10
44 32
1 2
3 6
7 8
9 10
11 13
15 17
19 22
23 25
28 31
32 33
34 35
36 37
38 39
44 46
30 50
50 94
40 17
36 47
10 44
48 50
15 2
10 36
6 35
32 3
37 7
49 46
26 27
28 8
45 1
39 34
48 33
44 8
23 39
17 30
18 48
16 34
6 44
29 6
21 48
22 50
29 32
5 32
25 32
47 11
48 15
18 34
37 49
34 19
10 8
32 26
40 38
47 26
21 6
21 30
30 43
45 30
27 49
41 5
4 31
18 32
46 6
46 27
39 36
33 23
50 17
28 20
20 11
21 28
46 50
41 8
31 50
28 15
40 47
35 8
27 19
44 12
47 20
6 48
45 29
20 12
49 16
4 35
5 50
4 5
17 39
40 30
18 35
31 29
11 24
27 12
13 22
50 25
3 7
21 39
7 10
4 22
9 24
14 1
42 22
2 7
8 9
11 12
13 14
15 21
26 30
31 36
38 39
42 43
45 47
27 50
50 93
3 7
48 36
41 33
15 11
22 8
17 9
6 23
20 36
33 17
34 3
25 24
45 20
41 28
7 44
18 12
36 31
30 16
24 49
27 26
45 35
37 29
39 23
50 23
42 23
14 1
40 39
5 34
1 34
11 23
16 40
12 11
11 14
46 42
25 46
47 17
13 44
43 37
29 24
23 30
17 7
13 27
28 36
9 43
41 13
15 42
5 32
31 11
42 28
11 47
2 49
20 22
42 36
33 23
6 17
29 12
49 48
1 9
29 44
4 24
33 43
31 28
43 14
43 40
29 19
37 32
22 9
2 43
17 48
40 8
1 28
30 21
38 34
42 40
14 29
40 15
38 40
49 27
42 41
15 45
4 22
10 16
7 10
12 13
16 18
19 20
21 23
26 28
30 31
35 36
37 40
42 44
45 48
27 50
50 93
6 28
7 41
28 33
5 28
23 31
22 27
11 12
17 28
38 39
13 39
30 11
42 26
13 6
22 14
27 44
2 13
49 43
29 5
38 17
45 3
5 30
5 7
12 10
37 45
3 44
9 28
35 15
18 36
12 30
37 8
48 5
24 46
49 29
42 33
48 12
27 40
30 25
8 10
23 13
13 49
2 3
33 49
11 1
3 41
30 34
49 3
23 14
16 17
19 1
8 13
39 2
20 21
14 6
6 17
18 38
8 9
32 39
34 39
7 39
10 41
19 39
50 45
21 17
27 8
21 11
47 8
22 3
30 20
20 1
45 46
10 3
4 33
18 33
17 37
3 8
13 18
40 22
36 32
20 34
24 35
1 2
4 5
7 8
13 14
15 16
21 23
25 26
28 31
33 34
37 38
39 41
43 47
49 50
50 99
12 41
46 23
43 24
23 13
18 23
25 50
16 12
46 16
34 29
15 35
36 9
14 34
15 3
29 39
5 17
6 7
23 16
34 41
5 32
22 20
21 41
9 13
29 44
48 14
32 10
29 26
42 14
19 6
19 17
11 24
9 38
48 23
32 24
10 7
10 15
22 49
8 9
4 12
32 21
22 33
39 22
34 27
36 41
25 37
10 39
3 12
37 46
19 43
5 28
50 41
17 23
16 29
10 49
48 49
17 28
39 34
6 11
7 47
13 43
36 35
42 29
38 42
20 25
47 30
24 9
34 5
42 26
6 1
48 32
25 5
6 34
49 3
16 48
12 48
38 7
20 15
23 28
29 1
11 49
40 20
2 30
31 27
45 30
2 3
4 5
6 8
9 10
11 12
13 14
16 18
19 23
28 29
30 31
32 33
34 36
38 40
41 43
44 45
46 49
50 93
40 8
23 39
37 20
32 15
23 35
29 1
11 40
8 13
31 40
5 34
18 43
33 5
47 5
11 38
48 22
1 46
22 45
22 41
18 9
11 30
35 47
39 38
43 40
11 19
23 32
39 9
25 28
7 13
19 46
7 1
38 10
43 17
9 44
29 13
4 48
15 3
38 19
22 44
27 9
33 15
12 3
14 28
4 44
3 42
21 18
7 34
2 24
3 35
38 15
15 25
44 11
39 37
25 10
11 18
43 30
30 22
36 29
9 11
7 21
8 47
45 23
47 15
41 6
26 45
44 32
31 24
37 32
27 43
12 41
20 15
5 11
16 36
9 49
1 50
24 20
44 13
8 21
11 25
42 25
10 32
2 6
10 11
14 15
16 17
19 20
21 22
24 25
26 29
30 32
35 37
38 41
43 45
49 50
50 90
31 17
44 47
24 49
33 5
40 44
47 27
41 28
35 11
17 33
25 27
7 20
28 7
35 27
50 27
23 48
46 26
10 23
8 14
49 19
43 26
4 9
6 33
17 39
38 31
26 24
22 41
19 33
34 36
10 34
1 25
43 34
7 32
21 19
2 8
38 35
50 12
47 18
26 11
7 41
44 8
29 7
39 21
7 22
29 18
10 39
26 25
44 29
10 49
47 32
14 44
16 35
46 8
13 12
37 2
7 48
42 21
47 16
5 3
1 17
11 14
25 15
25 13
9 29
7 30
3 40
47 43
9 46
37 41
42 15
7 19
41 20
16 42
25 9
45 20
32 4
9 38
19 42
49 39
2 27
44 9
2 6
7 11
14 16
19 20
21 26
27 30
32 34
36 38
41 43
45 46
50 97
45 25
27 6
40 28
26 50
3 28
32 24
26 23
32 50
10 14
19 1
1 28
13 23
4 6
10 19
24 42
50 45
16 48
34 16
39 1
31 29
23 22
48 14
3 12
20 19
42 22
39 23
32 28
2 41
5 20
6 38
11 18
41 6
32 39
44 45
28 18
9 23
11 14
10 47
17 50
34 20
27 25
19 48
40 34
4 7
5 22
29 1
23 17
29 17
39 42
22 44
13 7
3 25
41 35
13 9
12 1
50 11
38 24
10 16
42 10
26 3
21 42
19 8
18 2
7 17
28 9
50 7
19 11
30 33
23 14
39 2
14 33
39 9
8 50
25 10
36 9
28 8
10 3
49 42
17 14
16 2
15 47
37 44
43 35
46 34
1 3
8 9
10 13
15 17
18 20
21 23
24 26
28 29
30 31
36 37
41 43
44 46
48 49
50 93
34 25
44 20
28 37
6 46
50 7
47 14
47 43
22 38
34 24
45 5
39 31
41 16
40 1
42 25
31 8
27 15
2 13
9 31
47 23
19 14
2 6
47 5
17 7
6 28
41 15
14 39
4 8
21 39
38 41
18 49
39 48
10 49
21 34
23 35
32 30
31 11
36 25
50 35
42 30
29 14
28 3
1 21
18 43
9 46
46 31
8 19
44 35
29 7
8 30
13 18
47 10
18 35
41 44
33 1
37 25
35 27
41 42
39 35
24 19
21 8
47 40
50 22
6 16
29 40
40 49
43 4
20 41
8 37
23 12
13 17
27 22
32 25
11 38
48 4
44 42
40 6
7 10
36 22
32 27
12 32
26 19
1 3
4 6
10 13
23 25
26 28
29 30
31 33
34 37
38 39
40 43
45 46
49 50
50 93
6 20
41 19
7 25
43 47
28 50
10 12
26 13
13 23
37 49
30 26
9 6
34 31
40 29
11 26
20 25
17 43
24 8
43 4
7 38
16 45
8 2
30 25
41 11
44 40
33 1
50 22
35 26
1 9
12 4
30 34
43 27
17 21
20 27
37 36
4 47
20 10
5 47
30 44
25 11
50 20
27 46
17 13
47 33
6 24
24 41
25 48
43 37
16 39
11 17
39 13
38 8
47 15
1 15
41 15
36 40
13 2
29 23
18 42
37 40
17 15
38 15
35 48
16 13
12 24
3 5
29 6
23 1
32 42
9 10
38 37
31 45
15 20
37 15
42 13
46 39
9 21
16 49
38 29
36 19
38 34
14 11
3 4
8 10
11 12
13 14
15 18
22 23
25 27
28 32
34 36
39 42
43 50
17 47
50 96
49 6
33 24
39 6
29 16
37 26
41 25
35 15
31 33
1 17
3 42
43 16
36 14
23 24
26 23
15 7
22 15
4 21
17 19
38 7
40 26
14 50
19 43
49 8
19 21
46 33
25 18
8 3
15 41
35 45
35 50
33 11
15 47
43 37
39 29
31 6
12 25
2 38
5 18
5 41
27 45
13 44
41 21
45 4
50 36
4 44
26 4
22 34
4 9
20 49
22 36
44 14
41 22
7 48
42 35
45 29
24 8
42 18
35 40
13 36
5 2
6 21
12 10
3 35
40 42
21 39
14 29
44 5
31 16
41 12
27 37
19 35
15 8
44 30
17 2
13 50
34 19
38 39
40 30
28 42
34 38
32 3
1 2
4 7
9 10
11 12
13 16
17 18
19 20
21 24
25 28
31 32
34 35
37 42
43 44
46 47
48 49
50 99
15 44
46 8
35 29
36 43
46 34
10 43
21 36
48 34
37 26
45 14
22 7
8 22
19 27
12 7
27 17
12 43
8 43
31 28
11 26
49 6
37 44
41 19
48 40
8 36
43 33
18 33
24 7
25 17
11 45
33 4
38 41
18 46
37 38
49 32
38 31
25 19
7 3
47 14
49 16
34 4
26 7
42 35
29 19
3 22
19 28
37 21
10 18
42 13
41 36
25 6
28 42
10 12
29 37
13 14
24 22
25 7
45 32
44 10
2 5
13 21
19 10
32 4
16 10
13 16
13 10
33 23
30 35
39 42
48 43
39 19
48 5
40 23
25 43
9 19
23 43
7 47
24 37
2 48
5 16
16 47
1 39
20 10
50 13
1 4
5 7
9 12
14 15
16 18
20 21
23 24
25 26
28 29
30 32
34 35
38 39
41 44
45 46
47 48
49 50
50 98
30 23
27 17
43 47
38 22
33 5
19 22
37 49
31 7
23 26
22 43
35 14
44 23
38 1
45 15
11 42
40 18
41 33
32 21
19 15
25 30
47 2
46 24
50 31
3 27
50 9
32 3
21 46
10 37
43 7
18 7
50 26
10 23
13 36
29 21
25 5
32 44
50 10
35 38
40 20
7 22
47 21
43 14
40 3
23 1
2 34
44 35
29 16
25 46
48 27
9 10
22 34
28 3
23 49
5 30
1 21
17 2
32 31
43 16
33 10
2 46
9 13
28 9
35 2
26 27
50 37
7 34
12 5
19 32
36 14
9 18
19 48
17 12
43 4
27 21
34 5
24 14
4 11
15 2
13 39
46 50
6 24
8 14
1 5
6 7
8 9
10 13
14 15
17 18
20 22
24 25
26 30
31 33
37 38
39 40
41 42
44 45
46 47
27 32
50 98
30 23
49 19
6 38
39 5
10 6
49 21
7 1
12 30
46 26
19 38
10 29
8 37
9 35
30 26
33 16
45 48
43 26
49 48
25 37
7 8
42 6
50 15
49 1
45 11
27 37
41 34
35 4
6 18
30 20
34 22
27 24
15 35
41 48
22 41
50 21
36 43
47 43
18 43
49 14
12 39
32 9
12 41
1 45
20 11
39 16
22 9
14 36
29 3
34 29
22 17
12 37
27 1
9 45
3 47
33 46
27 5
24 25
47 30
47 14
45 19
10 32
21 1
48 23
32 15
26 9
30 50
49 6
8 5
22 11
41 8
23 18
49 35
42 47
43 5
29 38
8 10
20 38
19 13
42 17
7 6
2 11
28 13
31 28
40 23
44 13
1 2
4 7
8 9
13 14
15 18
20 21
22 31
32 34
39 40
41 42
43 44
45 47
49 50
