1000
1 2
1 3
2 4
2 5
3 6
4 7
4 8
4 9
4 10
4 11
4 12
4 13
4 14
4 15
4 16
4 17
4 18
4 19
4 20
4 21
4 22
4 23
4 24
4 25
4 26
4 27
4 28
4 29
4 30
4 31
4 32
4 33
4 34
4 35
4 36
4 37
4 38
4 39
4 40
4 41
4 42
4 43
4 44
4 45
4 46
4 47
4 48
4 49
4 50
4 51
4 52
4 53
4 54
4 55
4 56
4 57
4 58
4 59
4 60
4 61
4 62
4 63
4 64
4 65
4 66
4 67
4 68
5 69
5 70
5 71
5 72
5 73
5 74
5 75
5 76
5 77
5 78
5 79
5 80
5 81
5 82
5 83
5 84
5 85
5 86
5 87
5 88
5 89
5 90
5 91
5 92
5 93
5 94
5 95
5 96
5 97
5 98
5 99
5 100
6 101
6 102
6 103
6 104
6 105
6 106
6 107
6 108
6 109
6 110
7 111
7 112
8 113
8 114
8 115
8 116
8 117
8 118
8 119
8 120
8 121
8 122
8 123
8 124
8 125
8 126
8 127
8 128
8 129
8 130
8 131
8 132
8 133
8 134
8 135
8 136
8 137
8 138
8 139
8 140
8 141
8 142
8 143
8 144
8 145
8 146
8 147
8 148
8 149
8 150
8 151
8 152
8 153
8 154
8 155
8 156
8 157
8 158
8 159
8 160
8 161
8 162
8 163
8 164
8 165
8 166
8 167
8 168
8 169
8 170
8 171
8 172
8 173
8 174
8 175
8 176
8 177
8 178
8 179
8 180
8 181
8 182
8 183
8 184
8 185
8 186
8 187
8 188
8 189
8 190
8 191
8 192
8 193
8 194
8 195
8 196
8 197
8 198
8 199
8 200
8 201
8 202
8 203
8 204
8 205
8 206
8 207
8 208
8 209
8 210
8 211
8 212
8 213
8 214
8 215
8 216
8 217
8 218
8 219
8 220
8 221
8 222
8 223
8 224
8 225
8 226
8 227
8 228
8 229
8 230
8 231
8 232
8 233
8 234
8 235
8 236
8 237
8 238
8 239
8 240
8 241
8 242
8 243
8 244
8 245
8 246
8 247
8 248
8 249
8 250
8 251
8 252
8 253
8 254
8 255
8 256
8 257
8 258
8 259
8 260
8 261
8 262
8 263
8 264
8 265
8 266
8 267
8 268
8 269
8 270
8 271
8 272
8 273
8 274
8 275
8 276
8 277
8 278
8 279
8 280
8 281
8 282
8 283
8 284
8 285
8 286
8 287
8 288
8 289
8 290
8 291
8 292
8 293
8 294
8 295
8 296
8 297
8 298
8 299
8 300
8 301
8 302
8 303
8 304
8 305
8 306
8 307
8 308
8 309
8 310
8 311
8 312
8 313
8 314
8 315
8 316
8 317
8 318
8 319
8 320
8 321
8 322
8 323
8 324
8 325
8 326
8 327
8 328
8 329
8 330
8 331
8 332
8 333
8 334
8 335
8 336
8 337
8 338
8 339
8 340
8 341
8 342
8 343
8 344
8 345
8 346
8 347
8 348
8 349
8 350
8 351
8 352
8 353
8 354
8 355
8 356
8 357
8 358
8 359
8 360
8 361
8 362
8 363
8 364
8 365
8 366
8 367
8 368
8 369
8 370
8 371
8 372
8 373
8 374
8 375
8 376
8 377
8 378
8 379
8 380
8 381
8 382
8 383
8 384
8 385
8 386
8 387
8 388
8 389
8 390
8 391
8 392
8 393
8 394
8 395
8 396
8 397
8 398
8 399
8 400
8 401
9 402
9 403
9 404
9 405
9 406
9 407
9 408
9 409
9 410
9 411
9 412
9 413
9 414
9 415
9 416
9 417
9 418
9 419
9 420
9 421
9 422
9 423
9 424
9 425
9 426
9 427
9 428
9 429
9 430
9 431
9 432
9 433
9 434
9 435
9 436
9 437
9 438
9 439
9 440
9 441
9 442
9 443
9 444
9 445
9 446
9 447
9 448
9 449
9 450
9 451
9 452
9 453
9 454
9 455
9 456
9 457
9 458
9 459
9 460
9 461
9 462
9 463
9 464
9 465
9 466
9 467
9 468
9 469
9 470
9 471
9 472
9 473
9 474
9 475
9 476
9 477
9 478
9 479
9 480
9 481
9 482
9 483
9 484
9 485
9 486
9 487
9 488
9 489
9 490
9 491
9 492
9 493
9 494
9 495
10 496
11 497
11 498
11 499
11 500
11 501
11 502
11 503
11 504
11 505
11 506
11 507
11 508
11 509
11 510
11 511
11 512
11 513
11 514
11 515
11 516
11 517
11 518
11 519
11 520
11 521
11 522
11 523
11 524
11 525
11 526
11 527
11 528
11 529
11 530
11 531
11 532
11 533
11 534
11 535
11 536
11 537
11 538
11 539
11 540
11 541
11 542
11 543
11 544
11 545
11 546
11 547
11 548
11 549
11 550
11 551
11 552
11 553
11 554
11 555
11 556
11 557
11 558
11 559
11 560
11 561
11 562
11 563
11 564
11 565
11 566
11 567
11 568
11 569
11 570
11 571
11 572
11 573
11 574
11 575
11 576
11 577
11 578
11 579
11 580
11 581
11 582
11 583
11 584
11 585
11 586
11 587
11 588
11 589
11 590
11 591
11 592
11 593
11 594
11 595
11 596
11 597
11 598
11 599
11 600
11 601
11 602
11 603
11 604
11 605
11 606
11 607
11 608
11 609
11 610
11 611
11 612
11 613
11 614
11 615
11 616
11 617
11 618
11 619
11 620
11 621
11 622
11 623
11 624
11 625
11 626
11 627
11 628
11 629
11 630
11 631
11 632
11 633
11 634
11 635
11 636
11 637
11 638
11 639
11 640
11 641
11 642
11 643
11 644
11 645
11 646
11 647
11 648
11 649
11 650
11 651
11 652
11 653
11 654
11 655
11 656
11 657
11 658
11 659
11 660
11 661
11 662
11 663
11 664
11 665
11 666
11 667
11 668
11 669
11 670
11 671
11 672
11 673
11 674
11 675
11 676
11 677
11 678
11 679
11 680
11 681
11 682
11 683
11 684
11 685
11 686
11 687
11 688
11 689
11 690
11 691
11 692
11 693
11 694
11 695
11 696
11 697
11 698
11 699
11 700
11 701
11 702
11 703
11 704
11 705
11 706
11 707
11 708
11 709
11 710
11 711
11 712
11 713
11 714
11 715
11 716
11 717
11 718
11 719
11 720
11 721
11 722
11 723
11 724
11 725
11 726
11 727
11 728
11 729
11 730
11 731
11 732
11 733
11 734
11 735
11 736
11 737
11 738
11 739
11 740
11 741
11 742
11 743
11 744
11 745
11 746
11 747
11 748
11 749
11 750
11 751
11 752
11 753
11 754
11 755
11 756
11 757
11 758
11 759
11 760
11 761
11 762
11 763
11 764
11 765
11 766
11 767
11 768
11 769
11 770
11 771
11 772
11 773
11 774
11 775
11 776
11 777
11 778
11 779
11 780
11 781
11 782
11 783
11 784
11 785
11 786
11 787
11 788
11 789
11 790
11 791
11 792
11 793
11 794
11 795
11 796
11 797
11 798
11 799
11 800
11 801
11 802
11 803
11 804
11 805
11 806
11 807
11 808
11 809
11 810
11 811
11 812
11 813
11 814
11 815
11 816
11 817
11 818
11 819
11 820
11 821
11 822
11 823
11 824
11 825
11 826
11 827
11 828
11 829
11 830
11 831
11 832
11 833
11 834
11 835
11 836
11 837
11 838
11 839
11 840
11 841
11 842
11 843
11 844
11 845
11 846
11 847
11 848
11 849
11 850
11 851
11 852
11 853
11 854
11 855
11 856
11 857
11 858
11 859
11 860
11 861
11 862
11 863
11 864
11 865
11 866
11 867
11 868
11 869
11 870
11 871
11 872
11 873
11 874
11 875
11 876
11 877
11 878
11 879
11 880
11 881
11 882
11 883
11 884
11 885
11 886
11 887
11 888
11 889
11 890
11 891
11 892
11 893
11 894
11 895
11 896
11 897
11 898
11 899
11 900
11 901
11 902
11 903
11 904
11 905
11 906
11 907
11 908
11 909
11 910
11 911
11 912
11 913
11 914
11 915
11 916
11 917
11 918
11 919
11 920
11 921
11 922
11 923
11 924
11 925
11 926
11 927
11 928
11 929
11 930
11 931
11 932
11 933
11 934
11 935
11 936
11 937
11 938
11 939
11 940
11 941
11 942
11 943
11 944
11 945
11 946
11 947
11 948
11 949
11 950
11 951
11 952
11 953
11 954
11 955
11 956
11 957
11 958
11 959
11 960
11 961
11 962
11 963
11 964
11 965
11 966
11 967
11 968
11 969
12 970
12 971
12 972
12 973
12 974
12 975
13 976
13 977
14 978
14 979
14 980
14 981
14 982
14 983
14 984
14 985
15 986
16 987
16 988
16 989
17 990
17 991
17 992
18 993
18 994
20 995
21 996
21 997
22 998
22 999
23 1000
300
1 874 892 440
1 85 417 363
2 3
2 7
2 1
1 676 967 327
1 661 515 506
2 3
2 3
1 907 748 813
2 9
2 5
2 19
2 14
2 18
2 18
1 752 810 812
2 11
2 22
2 10
2 14
2 9
2 16
2 4
2 22
2 23
2 2
1 468 816 409
2 3
2 9
2 6
2 14
1 741 869 66
2 12
2 7
1 34 248 802
2 9
2 21
2 4
2 3
1 164 662 507
2 2
2 20
2 17
2 9
1 543 541 425
2 19
2 21
1 365 473 732
2 17
2 20
2 17
2 15
2 6
2 6
2 21
2 3
2 17
2 1
2 20
2 11
2 21
2 1
2 7
1 595 617 778
1 284 304 350
2 1
2 10
2 6
2 13
1 73 717 17
2 10
1 720 169 386
2 20
2 17
2 8
2 23
1 812 818 804
2 2
2 1
1 274 975 60
1 475 579 324
2 8
2 22
1 120 979 120
2 10
1 626 816 117
1 723 294 768
1 923 505 902
2 2
2 19
2 9
2 19
1 627 879 348
2 6
1 190 349 377
2 2
2 16
2 6
1 269 522 534
2 6
2 15
2 1
1 234 627 891
2 6
2 13
2 18
2 5
2 20
2 13
2 10
2 18
2 16
2 19
2 4
2 2
2 18
2 16
2 9
2 22
2 5
2 5
2 16
1 622 894 371
2 6
2 8
2 18
1 641 560 137
2 1
2 7
2 16
2 22
2 14
2 2
2 22
2 17
2 14
1 953 744 597
2 23
1 803 907 763
2 12
2 16
2 1
1 639 760 358
2 18
2 20
2 8
1 84 232 832
1 507 429 956
2 16
2 14
1 531 465 659
2 6
2 17
2 15
2 21
2 8
1 702 845 887
2 3
1 472 483 101
1 897 111 77
2 13
2 10
2 7
2 13
2 2
2 8
2 4
2 17
2 16
2 21
2 11
2 8
2 9
1 100 529 856
2 16
2 2
1 603 75 448
1 311 4 179
2 4
2 5
1 205 886 675
1 82 634 613
2 1
1 830 610 770
2 21
2 21
2 19
2 8
1 950 833 827
2 9
2 2
2 4
2 8
2 19
2 17
2 2
2 10
2 14
2 11
2 19
2 21
2 9
2 1
2 22
2 22
2 15
2 23
2 6
2 2
2 6
2 7
2 1
2 19
2 23
2 23
2 23
2 4
2 7
1 544 122 809
2 14
2 12
1 882 222 650
2 10
2 8
2 11
2 23
2 19
2 18
1 777 55 559
2 13
2 21
2 11
2 1
2 6
2 17
2 16
2 19
1 468 190 579
2 2
2 9
2 13
2 8
2 23
1 472 102 757
2 17
2 9
2 7
2 8
2 17
2 16
2 3
1 628 613 960
2 14
2 8
2 4
2 8
2 15
2 8
2 22
2 22
2 11
2 23
2 11
2 13
1 278 33 291
2 2
2 16
2 8
2 11
2 23
1 442 286 357
1 724 357 815
2 10
2 17
2 16
1 818 345 646
2 17
2 2
2 9
2 21
2 10
2 4
2 4
2 13
2 15
2 11
2 7
2 5
1 396 67 961
2 22
2 12
2 14
1 574 913 715
1 964 224 397
1 544 534 756
2 18
2 23
2 23
2 8
